16100
14
27043781
0 1 1 305 929 24 (D 0,1,1) (S 11,2,2) (S 11,3,3) (S 11,2,2) (S 11,4,4) (S 11,69,69) (S 11,58,58) (S 11,59,59) (S 11,58,58) (S 11,60,60) (S 11,62,68) (D 11,68,1)
0 1 2 304 951 22 (D 0,1,1) (S 11,2,2) (S 11,4,4) (S 11,5,5) (S 11,4,4) (S 11,69,69) (S 11,59,59) (S 11,69,69) (S 11,58,44) (S 11,45,50) (D 11,52,1)
0 1 3 305 985 28 (D 0,1,1) (S 11,6,9) (S 11,10,10) (S 11,10,10) (S 11,9,11) (S 11,12,12) (S 11,16,16) (S 11,16,16) (S 11,13,13) (S 11,14,14) (S 11,14,14) (S 11,13,13) (S 11,16,50) (D 11,52,1)
0 1 4 305 881 22 (D 0,1,1) (S 11,69,59) (S 11,44,44) (S 11,46,46) (S 11,44,44) (S 11,59,59) (S 11,11,11) (S 11,12,12) (S 11,12,76) (S 11,20,20) (D 11,76,1)
0 1 5 305 1017 24 (D 0,1,1) (S 11,11,11) (S 11,11,12) (S 11,16,13) (S 11,13,15) (S 11,17,17) (S 11,15,15) (S 11,15,15) (S 11,18,19) (S 11,19,52) (S 11,54,51) (D 11,21,1)
0 1 6 305 1147 20 (D 0,1,1) (S 11,59,58) (S 11,57,57) (S 11,42,42) (S 11,57,57) (S 11,58,58) (S 11,58,58) (S 11,60,62) (S 11,66,52) (D 11,54,1)
0 1 7 304 1033 30 (D 0,1,1) (S 11,45,45) (S 11,45,46) (S 11,47,47) (S 11,49,49) (S 11,49,49) (S 11,51,51) (S 11,21,21) (S 11,19,19) (S 11,18,18) (S 11,15,18) (S 11,19,50) (S 11,49,49) (S 11,50,49) (D 11,51,1)
0 1 8 301 1159 22 (D 0,1,1) (S 11,43,43) (S 11,44,46) (S 11,47,47) (S 11,48,48) (S 11,47,47) (S 11,49,50) (S 11,50,52) (S 11,52,54) (S 11,54,56) (D 11,55,1)
0 1 9 304 1012 22 (D 0,1,1) (S 11,62,62) (S 11,63,63) (S 11,65,65) (S 11,65,65) (S 11,63,63) (S 11,62,62) (S 11,66,66) (S 11,68,68) (S 11,66,63) (D 11,63,1)
0 1 10 305 1393 26 (D 0,1,1) (S 11,61,61) (S 11,60,61) (S 11,61,56) (S 11,55,55) (S 11,55,43) (S 11,43,57) (S 11,57,41) (S 11,41,41) (S 11,35,35) (S 11,41,39) (S 11,39,27) (D 11,27,1)
0 1 11 304 1190 26 (D 0,1,1) (S 11,48,21) (S 11,22,22) (S 11,22,22) (S 11,75,75) (S 11,23,23) (S 11,75,75) (S 11,22,22) (S 11,21,21) (S 11,19,19) (S 11,20,20) (S 11,19,29) (D 11,29,1)
0 1 12 292 1127 16 (D 0,1,1) (S 11,24,23) (S 11,31,31) (S 11,32,32) (S 11,31,31) (S 11,23,23) (S 11,23,28) (D 11,28,1)
0 1 13 303 1750 18 (D 0,1,1) (S 11,32,32) (S 11,33,33) (S 11,32,32) (S 11,34,34) (S 11,32,34) (S 11,34,36) (S 11,36,74) (D 11,74,1)
0 1 14 195 1526 12 (D 0,1,1) (S 11,32,38) (S 11,38,72) (S 11,72,73) (S 11,73,70) (D 11,70,1)

