36249
45
32820369
0 1 1 129 429 20 (D 0,1,1) (S 15,2,2) (S 15,3,3) (S 15,2,2) (S 15,4,4) (S 15,2,2) (S 15,2,5) (S 15,7,7) (S 15,5,5) (D 15,6,1)
0 1 2 129 399 10 (D 0,1,1) (S 15,2,4) (S 15,69,69) (S 15,59,59) (D 15,69,1)
0 1 3 130 554 8 (D 0,1,1) (S 15,69,69) (S 15,58,60) (D 15,62,1)
0 1 4 129 783 12 (D 0,1,1) (S 15,5,5) (S 15,4,5) (S 15,6,12) (S 15,76,50) (D 15,52,1)
0 1 5 129 669 14 (D 0,1,1) (S 15,5,7) (S 15,8,8) (S 15,7,8) (S 15,9,9) (S 15,8,12) (D 15,76,1)
0 1 6 130 784 12 (D 0,1,1) (S 15,58,58) (S 15,60,60) (S 15,67,67) (S 15,62,40) (D 15,39,1)
0 1 7 130 570 10 (D 0,1,1) (S 15,11,11) (S 15,10,10) (S 15,9,9) (D 15,10,1)
0 1 8 130 764 12 (D 0,1,1) (S 15,44,44) (S 15,43,43) (S 15,42,42) (S 15,43,50) (D 15,52,1)
0 1 9 129 601 8 (D 0,1,1) (S 15,58,58) (S 15,58,58) (D 15,57,1)
0 1 10 130 706 12 (D 0,1,1) (S 15,11,11) (S 15,12,76) (S 15,20,20) (S 15,76,52) (D 15,53,1)
0 1 11 130 768 12 (D 0,1,1) (S 15,58,58) (S 15,57,57) (S 15,42,43) (S 15,43,51) (D 15,21,1)
0 1 12 129 630 16 (D 0,1,1) (S 15,59,59) (S 15,44,44) (S 15,44,44) (S 15,46,46) (S 15,45,45) (S 15,44,51) (D 15,53,1)
0 1 13 127 654 10 (D 0,1,1) (S 15,9,10) (S 15,11,11) (S 15,48,51) (D 15,21,1)
0 1 14 127 661 10 (D 0,1,1) (S 15,60,60) (S 15,61,61) (S 15,60,62) (D 15,66,1)
0 1 15 130 682 8 (D 0,1,1) (S 15,43,42) (S 15,56,56) (D 15,42,1)
0 1 16 127 714 18 (D 0,1,1) (S 15,45,45) (S 15,46,46) (S 15,47,47) (S 15,48,48) (S 15,47,47) (S 15,46,46) (S 15,44,52) (D 15,54,1)
0 1 17 130 614 16 (D 0,1,1) (S 15,46,47) (S 15,49,49) (S 15,51,51) (S 15,49,49) (S 15,50,50) (S 15,50,52) (D 15,54,1)
0 1 18 130 721 12 (D 0,1,1) (S 15,48,47) (S 15,49,49) (S 15,50,50) (S 15,19,52) (D 15,53,1)
0 1 19 129 791 12 (D 0,1,1) (S 15,12,12) (S 15,16,16) (S 15,12,76) (S 15,77,53) (D 15,51,1)
0 1 20 129 794 14 (D 0,1,1) (S 15,60,60) (S 15,62,62) (S 15,63,63) (S 15,65,63) (S 15,64,56) (D 15,55,1)
0 1 21 128 898 14 (D 0,1,1) (S 15,67,67) (S 15,56,56) (S 15,55,56) (S 15,67,62) (S 15,66,40) (D 15,39,1)
0 1 22 128 1109 16 (D 0,1,1) (S 15,67,62) (S 15,63,63) (S 15,64,63) (S 15,65,42) (S 15,41,41) (S 15,35,22) (D 15,24,1)
0 1 23 127 736 10 (D 0,1,1) (S 15,77,77) (S 15,15,15) (S 15,18,18) (D 15,19,1)
0 1 24 130 739 14 (D 0,1,1) (S 15,19,19) (S 15,21,21) (S 15,22,22) (S 15,21,53) (S 15,24,24) (D 15,22,1)
0 1 25 126 855 12 (D 0,1,1) (S 15,68,68) (S 15,66,42) (S 15,41,41) (S 15,40,40) (D 15,41,1)
0 1 26 126 907 10 (D 0,1,1) (S 15,66,65) (S 15,65,42) (S 15,57,41) (D 15,35,1)
0 1 27 128 731 12 (D 0,1,1) (S 15,52,54) (S 15,54,53) (S 15,24,24) (S 15,25,25) (D 15,26,1)
0 1 28 130 942 14 (D 0,1,1) (S 15,19,19) (S 15,20,20) (S 15,18,18) (S 15,20,20) (S 15,20,72) (D 15,73,1)
0 1 29 130 990 12 (D 0,1,1) (S 15,19,19) (S 15,18,18) (S 15,15,15) (S 15,77,72) (D 15,71,1)
0 1 30 129 927 16 (D 0,1,1) (S 15,75,75) (S 15,22,22) (S 15,22,24) (S 15,25,25) (S 15,75,75) (S 15,25,15) (D 15,14,1)
0 1 31 128 1006 22 (D 0,1,1) (S 15,13,13) (S 15,77,77) (S 15,13,13) (S 15,14,14) (S 15,13,13) (S 15,16,14) (S 15,15,15) (S 15,17,17) (S 15,15,72) (D 15,73,1)
0 1 32 130 824 6 (D 0,1,1) (S 15,72,72) (D 15,72,1)
0 1 33 128 888 10 (D 0,1,1) (S 15,72,72) (S 15,71,71) (S 15,73,73) (D 15,74,1)
0 1 34 130 1284 20 (D 0,1,1) (S 15,41,40) (S 15,40,39) (S 15,35,35) (S 15,39,39) (S 15,37,37) (S 15,38,38) (S 15,37,31) (S 15,30,73) (D 15,71,1)
0 1 35 127 795 16 (D 0,1,1) (S 15,23,23) (S 15,75,75) (S 15,75,25) (S 15,26,26) (S 15,27,27) (S 15,26,26) (D 15,23,1)
0 1 36 122 834 14 (D 0,1,1) (S 15,29,29) (S 15,25,26) (S 15,28,28) (S 15,29,29) (S 15,28,28) (D 15,26,1)
0 1 37 126 899 8 (D 0,1,1) (S 15,37,37) (S 15,33,33) (D 15,32,1)
0 1 38 127 867 6 (D 0,1,1) (S 15,39,35) (D 15,32,1)
0 1 39 124 858 6 (D 0,1,1) (S 15,32,32) (D 15,32,1)
0 1 40 123 826 12 (D 0,1,1) (S 15,23,23) (S 15,31,31) (S 15,30,31) (S 15,23,23) (D 15,26,1)
0 1 41 129 935 8 (D 0,1,1) (S 15,33,33) (S 15,36,36) (D 15,33,1)
0 1 42 107 948 8 (D 0,1,1) (S 15,27,31) (S 15,32,32) (D 15,33,1)
0 1 43 126 1332 8 (D 0,1,1) (S 15,32,32) (S 15,34,73) (D 15,74,1)
0 1 44 112 930 6 (D 0,1,1) (S 15,70,70) (D 15,71,1)
0 1 45 81 901 6 (D 0,1,1) (S 15,34,34) (D 15,34,1)

