37358
46
86601497
0 1 1 119 394 16 (D 0,1,1) (S 18,116,116) (S 18,117,117) (S 18,119,119) (S 18,120,120) (S 18,123,122) (S 18,121,87) (D 18,86,1)
0 1 2 120 658 18 (D 0,1,1) (S 18,115,115) (S 18,115,115) (S 18,114,114) (S 18,113,113) (S 18,112,112) (S 18,107,107) (S 18,110,97) (D 18,98,1)
0 1 3 120 539 12 (D 0,1,1) (S 18,117,117) (S 18,118,118) (S 18,91,91) (S 18,90,68) (D 18,67,1)
0 1 4 120 382 12 (D 0,1,1) (S 18,2,119) (S 18,119,120) (S 18,121,121) (S 18,118,118) (D 18,114,1)
0 1 5 119 542 12 (D 0,1,1) (S 18,103,103) (S 18,102,102) (S 18,104,104) (S 18,105,101) (D 18,94,1)
0 1 6 120 637 16 (D 0,1,1) (S 18,110,110) (S 18,111,107) (S 18,108,108) (S 18,108,108) (S 18,106,106) (S 18,105,63) (D 18,62,1)
0 1 7 119 472 16 (D 0,1,1) (S 18,118,122) (S 18,87,86) (S 18,85,85) (S 18,84,84) (S 18,84,84) (S 18,92,92) (D 18,89,1)
0 1 8 120 581 14 (D 0,1,1) (S 18,106,106) (S 18,106,102) (S 18,101,101) (S 18,101,94) (S 18,94,67) (D 18,69,1)
0 1 9 120 598 16 (D 0,1,1) (S 18,123,123) (S 18,125,125) (S 18,138,138) (S 18,136,136) (S 18,137,134) (S 18,135,132) (D 18,131,1)
0 1 10 118 546 10 (D 0,1,1) (S 18,124,124) (S 18,4,124) (S 18,126,124) (D 18,124,1)
0 1 11 120 537 12 (D 0,1,1) (S 18,123,86) (S 18,88,88) (S 18,89,92) (S 18,82,82) (D 18,80,1)
0 1 12 119 561 6 (D 0,1,1) (S 18,109,109) (D 18,109,1)
0 1 13 120 748 10 (D 0,1,1) (S 18,66,66) (S 18,66,94) (S 18,100,56) (D 18,55,1)
0 1 14 117 703 16 (D 0,1,1) (S 18,103,90) (S 18,90,90) (S 18,88,82) (S 18,84,84) (S 18,83,83) (S 18,81,46) (D 18,43,1)
0 1 15 120 701 10 (D 0,1,1) (S 18,68,67) (S 18,67,69) (S 18,69,45) (D 18,34,1)
0 1 16 119 657 14 (D 0,1,1) (S 18,127,127) (S 18,128,128) (S 18,3,128) (S 18,129,129) (S 18,127,132) (D 18,133,1)
0 1 17 120 829 12 (D 0,1,1) (S 18,126,126) (S 18,130,126) (S 18,131,131) (S 18,131,43) (D 18,42,1)
0 1 18 119 627 12 (D 0,1,1) (S 18,131,133) (S 18,135,135) (S 18,135,134) (S 18,136,134) (D 18,133,1)
0 1 19 119 529 16 (D 0,1,1) (S 18,83,83) (S 18,83,81) (S 18,81,81) (S 18,79,79) (S 18,79,79) (S 18,78,79) (D 18,80,1)
0 1 20 116 846 20 (D 0,1,1) (S 18,136,80) (S 18,81,78) (S 18,77,77) (S 18,46,46) (S 18,47,47) (S 18,42,42) (S 18,37,37) (S 18,43,35) (D 18,36,1)
0 1 21 119 632 14 (D 0,1,1) (S 18,66,66) (S 18,62,62) (S 18,57,57) (S 18,58,58) (S 18,70,70) (D 18,71,1)
0 1 22 118 716 14 (D 0,1,1) (S 18,93,93) (S 18,64,64) (S 18,65,65) (S 18,56,55) (S 18,54,54) (D 18,140,1)
0 1 23 117 719 12 (D 0,1,1) (S 18,95,95) (S 18,96,96) (S 18,99,99) (S 18,100,96) (D 18,97,1)
0 1 24 120 858 18 (D 0,1,1) (S 18,67,69) (S 18,70,69) (S 18,71,71) (S 18,72,72) (S 18,74,74) (S 18,73,73) (S 18,44,48) (D 18,50,1)
0 1 25 120 1010 14 (D 0,1,1) (S 18,63,63) (S 18,64,63) (S 18,63,57) (S 18,56,55) (S 18,140,29) (D 18,28,1)
0 1 26 120 847 12 (D 0,1,1) (S 18,75,75) (S 18,76,76) (S 18,77,76) (S 18,76,38) (D 18,41,1)
0 1 27 119 750 12 (D 0,1,1) (S 18,73,74) (S 18,76,43) (S 18,44,44) (S 18,44,44) (D 18,45,1)
0 1 28 119 838 14 (D 0,1,1) (S 18,72,58) (S 18,59,59) (S 18,60,60) (S 18,45,45) (S 18,45,49) (D 18,48,1)
0 1 29 117 1206 14 (D 0,1,1) (S 18,97,54) (S 18,54,140) (S 18,140,140) (S 18,53,53) (S 18,52,28) (D 18,27,1)
0 1 30 117 763 6 (D 0,1,1) (S 18,41,41) (D 18,41,1)
0 1 31 119 1108 18 (D 0,1,1) (S 18,36,36) (S 18,38,38) (S 18,39,39) (S 18,40,40) (S 18,41,38) (S 18,38,35) (S 18,37,28) (D 18,30,1)
0 1 32 116 1051 14 (D 0,1,1) (S 18,59,59) (S 18,61,61) (S 18,60,60) (S 18,60,61) (S 18,49,13) (D 18,17,1)
0 1 33 118 979 10 (D 0,1,1) (S 18,35,35) (S 18,34,139) (S 18,33,12) (D 18,13,1)
0 1 34 120 1080 10 (D 0,1,1) (S 18,139,139) (S 18,48,50) (S 18,50,17) (D 18,18,1)
0 1 35 117 821 12 (D 0,1,1) (S 18,49,50) (S 18,51,51) (S 18,51,51) (S 18,52,53) (D 18,53,1)
0 1 36 117 1062 10 (D 0,1,1) (S 18,39,139) (S 18,139,33) (S 18,11,11) (D 18,27,1)
0 1 37 116 1062 10 (D 0,1,1) (S 18,29,30) (S 18,32,30) (S 18,30,25) (D 18,24,1)
0 1 38 120 1108 14 (D 0,1,1) (S 18,11,11) (S 18,8,8) (S 18,6,6) (S 18,7,9) (S 18,10,19) (D 18,18,1)
0 1 39 115 1045 12 (D 0,1,1) (S 18,12,12) (S 18,12,12) (S 18,20,20) (S 18,22,13) (D 18,16,1)
0 1 40 119 1101 16 (D 0,1,1) (S 18,14,14) (S 18,14,13) (S 18,13,17) (S 18,15,15) (S 18,16,15) (S 18,10,6) (D 18,6,1)
0 1 41 107 1073 12 (D 0,1,1) (S 18,31,31) (S 18,26,26) (S 18,26,26) (S 18,23,31) (D 18,31,1)
0 1 42 100 1100 8 (D 0,1,1) (S 18,25,25) (S 18,26,24) (D 18,20,1)
0 1 43 99 1025 8 (D 0,1,1) (S 18,9,9) (S 18,9,10) (D 18,19,1)
0 1 44 116 1262 8 (D 0,1,1) (S 18,5,5) (S 18,5,20) (D 18,21,1)
0 1 45 111 1151 6 (D 0,1,1) (S 18,23,23) (D 18,21,1)
0 1 46 22 904 4 (D 0,1,1) (D 18,22,1)

