13348
15
22830184
0 1 1 189 771 24 (D 0,1,1) (S 20,2,2) (S 20,3,2) (S 20,4,4) (S 20,5,5) (S 20,6,5) (S 20,7,7) (S 20,8,8) (S 20,9,76) (S 20,20,50) (S 20,52,51) (D 20,21,1)
0 1 2 188 694 16 (D 0,1,1) (S 20,2,4) (S 20,69,69) (S 20,59,59) (S 20,58,58) (S 20,60,60) (S 20,62,63) (D 20,64,1)
0 1 3 190 833 22 (D 0,1,1) (S 20,5,9) (S 20,10,11) (S 20,12,12) (S 20,16,16) (S 20,16,16) (S 20,13,13) (S 20,77,77) (S 20,15,14) (S 20,13,50) (D 20,49,1)
0 1 4 189 689 12 (D 0,1,1) (S 20,58,58) (S 20,57,57) (S 20,42,42) (S 20,42,43) (D 20,43,1)
0 1 5 189 819 16 (D 0,1,1) (S 20,44,44) (S 20,43,41) (S 20,41,41) (S 20,35,35) (S 20,39,39) (S 20,37,37) (D 20,38,1)
0 1 6 189 828 12 (D 0,1,1) (S 20,11,76) (S 20,76,76) (S 20,77,13) (S 20,13,15) (D 20,17,1)
0 1 7 187 767 30 (D 0,1,1) (S 20,45,45) (S 20,46,46) (S 20,44,46) (S 20,47,47) (S 20,48,47) (S 20,49,49) (S 20,51,51) (S 20,51,51) (S 20,53,53) (S 20,24,24) (S 20,24,24) (S 20,22,53) (S 20,52,52) (D 20,54,1)
0 1 8 190 1121 18 (D 0,1,1) (S 20,61,62) (S 20,63,63) (S 20,65,65) (S 20,65,62) (S 20,66,66) (S 20,68,56) (S 20,55,40) (D 20,39,1)
0 1 9 190 954 16 (D 0,1,1) (S 20,19,19) (S 20,20,20) (S 20,18,18) (S 20,72,72) (S 20,73,73) (S 20,73,73) (D 20,71,1)
0 1 10 185 865 22 (D 0,1,1) (S 20,50,21) (S 20,22,22) (S 20,75,75) (S 20,75,75) (S 20,25,25) (S 20,26,26) (S 20,28,28) (S 20,29,29) (S 20,29,26) (D 20,23,1)
0 1 11 183 1073 14 (D 0,1,1) (S 20,19,19) (S 20,18,18) (S 20,15,15) (S 20,15,72) (S 20,71,73) (D 20,74,1)
0 1 12 172 983 18 (D 0,1,1) (S 20,25,25) (S 20,29,26) (S 20,27,27) (S 20,27,23) (S 20,75,23) (S 20,31,31) (S 20,30,31) (D 20,31,1)
0 1 13 189 1048 10 (D 0,1,1) (S 20,32,32) (S 20,34,34) (S 20,34,32) (D 20,33,1)
0 1 14 183 1029 10 (D 0,1,1) (S 20,37,37) (S 20,33,33) (S 20,36,32) (D 20,31,1)
0 1 15 56 874 4 (D 0,1,1) (D 20,70,1)

