25103
26
29667747
0 1 1 189 653 18 (D 0,1,1) (S 19,2,2) (S 19,3,3) (S 19,2,2) (S 19,4,4) (S 19,69,69) (S 19,69,69) (S 19,59,47) (D 19,49,1)
0 1 2 189 567 12 (D 0,1,1) (S 19,2,2) (S 19,4,4) (S 19,69,69) (S 19,58,58) (D 19,60,1)
0 1 3 190 881 18 (D 0,1,1) (S 19,2,3) (S 19,3,4) (S 19,5,5) (S 19,4,5) (S 19,7,7) (S 19,5,5) (S 19,6,50) (D 19,52,1)
0 1 4 189 875 24 (D 0,1,1) (S 19,6,7) (S 19,8,8) (S 19,9,9) (S 19,8,8) (S 19,7,9) (S 19,10,10) (S 19,10,10) (S 19,9,76) (S 19,20,20) (S 19,76,50) (D 19,52,1)
0 1 5 189 785 18 (D 0,1,1) (S 19,58,58) (S 19,57,57) (S 19,57,57) (S 19,42,42) (S 19,57,41) (S 19,35,35) (S 19,39,39) (D 19,40,1)
0 1 6 190 687 20 (D 0,1,1) (S 19,59,59) (S 19,58,58) (S 19,58,58) (S 19,59,59) (S 19,44,44) (S 19,45,45) (S 19,46,46) (S 19,47,47) (D 19,49,1)
0 1 7 188 804 12 (D 0,1,1) (S 19,11,11) (S 19,59,59) (S 19,44,51) (S 19,21,21) (D 19,51,1)
0 1 8 190 987 16 (D 0,1,1) (S 19,60,60) (S 19,61,61) (S 19,60,60) (S 19,62,62) (S 19,63,63) (S 19,65,40) (D 19,39,1)
0 1 9 190 828 10 (D 0,1,1) (S 19,57,42) (S 19,42,43) (S 19,44,52) (D 19,54,1)
0 1 10 190 1076 12 (D 0,1,1) (S 19,43,41) (S 19,35,35) (S 19,32,35) (S 19,39,51) (D 19,53,1)
0 1 11 187 825 34 (D 0,1,1) (S 19,46,46) (S 19,47,47) (S 19,48,48) (S 19,47,49) (S 19,50,50) (S 19,49,49) (S 19,51,51) (S 19,53,53) (S 19,24,24) (S 19,53,53) (S 19,52,52) (S 19,53,51) (S 19,49,52) (S 19,54,21) (S 19,22,22) (D 19,24,1)
0 1 12 187 869 18 (D 0,1,1) (S 19,46,46) (S 19,45,45) (S 19,44,45) (S 19,45,50) (S 19,19,19) (S 19,21,21) (S 19,19,21) (D 19,22,1)
0 1 13 188 1045 22 (D 0,1,1) (S 19,12,12) (S 19,16,16) (S 19,13,13) (S 19,14,14) (S 19,13,13) (S 19,77,77) (S 19,76,76) (S 19,77,77) (S 19,15,72) (D 19,73,1)
0 1 14 190 917 22 (D 0,1,1) (S 19,12,12) (S 19,16,16) (S 19,13,13) (S 19,77,77) (S 19,15,15) (S 19,17,17) (S 19,17,17) (S 19,15,18) (S 19,18,22) (D 19,24,1)
0 1 15 190 935 18 (D 0,1,1) (S 19,62,62) (S 19,66,66) (S 19,68,68) (S 19,66,66) (S 19,62,62) (S 19,63,63) (S 19,64,56) (D 19,55,1)
0 1 16 189 1081 18 (D 0,1,1) (S 19,19,19) (S 19,20,20) (S 19,19,19) (S 19,18,18) (S 19,15,72) (S 19,73,73) (S 19,71,71) (D 19,72,1)
0 1 17 186 1268 14 (D 0,1,1) (S 19,18,18) (S 19,72,72) (S 19,71,71) (S 19,70,71) (S 19,73,56) (D 19,55,1)
0 1 18 187 1077 12 (D 0,1,1) (S 19,18,18) (S 19,72,73) (S 19,74,74) (S 19,73,22) (D 19,75,1)
0 1 19 187 1116 18 (D 0,1,1) (S 19,64,64) (S 19,64,63) (S 19,63,63) (S 19,65,68) (S 19,68,55) (S 19,55,39) (S 19,37,37) (D 19,38,1)
0 1 20 188 924 20 (D 0,1,1) (S 19,75,75) (S 19,75,75) (S 19,25,25) (S 19,26,26) (S 19,25,25) (S 19,24,24) (S 19,25,25) (S 19,29,26) (D 19,23,1)
0 1 21 190 1408 14 (D 0,1,1) (S 19,19,18) (S 19,15,71) (S 19,70,75) (S 19,25,25) (S 19,29,26) (D 19,23,1)
0 1 22 189 1193 20 (D 0,1,1) (S 19,23,23) (S 19,23,23) (S 19,31,31) (S 19,30,30) (S 19,31,31) (S 19,23,23) (S 19,75,26) (S 19,27,37) (D 19,38,1)
0 1 23 183 1182 18 (D 0,1,1) (S 19,25,26) (S 19,28,28) (S 19,26,26) (S 19,27,28) (S 19,29,29) (S 19,28,31) (S 19,32,36) (D 19,36,1)
0 1 24 175 997 14 (D 0,1,1) (S 19,37,37) (S 19,37,37) (S 19,33,33) (S 19,36,36) (S 19,33,38) (D 19,38,1)
0 1 25 189 1069 10 (D 0,1,1) (S 19,32,32) (S 19,33,33) (S 19,32,32) (D 19,34,1)
0 1 26 176 1054 8 (D 0,1,1) (S 19,33,32) (S 19,34,32) (D 19,31,1)

