7759
7
22169475
0 1 1 304 986 28 (D 0,1,1) (S 12,2,2) (S 12,3,3) (S 12,3,2) (S 12,4,4) (S 12,5,5) (S 12,5,6) (S 12,6,9) (S 12,10,11) (S 12,12,12) (S 12,12,76) (S 12,20,16) (S 12,13,50) (D 12,52,1)
0 1 2 304 950 20 (D 0,1,1) (S 12,69,69) (S 12,69,69) (S 12,59,59) (S 12,11,12) (S 12,16,16) (S 12,16,13) (S 12,14,15) (S 12,17,15) (D 12,18,1)
0 1 3 303 1223 24 (D 0,1,1) (S 12,58,58) (S 12,60,60) (S 12,62,62) (S 12,66,66) (S 12,68,62) (S 12,63,63) (S 12,65,60) (S 12,60,60) (S 12,61,58) (S 12,59,51) (D 12,21,1)
0 1 4 302 1049 24 (D 0,1,1) (S 12,44,44) (S 12,43,42) (S 12,57,57) (S 12,58,44) (S 12,45,46) (S 12,44,46) (S 12,47,47) (S 12,48,47) (S 12,49,49) (S 12,51,51) (D 12,51,1)
0 1 5 302 1250 24 (D 0,1,1) (S 12,50,52) (S 12,52,52) (S 12,54,21) (S 12,22,22) (S 12,75,75) (S 12,23,23) (S 12,31,31) (S 12,32,32) (S 12,34,32) (S 12,33,36) (D 12,36,1)
0 1 6 303 1149 18 (D 0,1,1) (S 12,67,56) (S 12,55,41) (S 12,41,41) (S 12,35,35) (S 12,32,26) (S 12,26,27) (S 12,27,24) (D 12,24,1)
0 1 7 216 1152 18 (D 0,1,1) (S 12,76,20) (S 12,19,19) (S 12,21,21) (S 12,21,19) (S 12,18,18) (S 12,18,13) (S 12,13,73) (D 12,73,1)

