16371
18
72070265
0 1 1 149 411 14 (D 0,1,1) (S 13,116,116) (S 13,117,117) (S 13,2,117) (S 13,119,118) (S 13,118,118) (D 13,114,1)
0 1 2 149 421 16 (D 0,1,1) (S 13,114,114) (S 13,113,113) (S 13,113,113) (S 13,112,112) (S 13,107,107) (S 13,106,106) (D 13,105,1)
0 1 3 150 855 24 (D 0,1,1) (S 13,110,110) (S 13,111,110) (S 13,107,107) (S 13,108,105) (S 13,104,104) (S 13,102,103) (S 13,103,88) (S 13,88,86) (S 13,87,86) (S 13,85,46) (D 13,43,1)
0 1 4 150 1023 10 (D 0,1,1) (S 13,109,66) (S 13,62,62) (S 13,63,97) (D 13,98,1)
0 1 5 150 910 16 (D 0,1,1) (S 13,124,124) (S 13,126,126) (S 13,130,134) (S 13,134,125) (S 13,125,85) (S 13,84,72) (D 13,71,1)
0 1 6 149 730 22 (D 0,1,1) (S 13,82,82) (S 13,82,82) (S 13,80,80) (S 13,79,79) (S 13,78,78) (S 13,78,78) (S 13,77,77) (S 13,46,45) (S 13,34,69) (D 13,67,1)
0 1 7 147 817 14 (D 0,1,1) (S 13,84,92) (S 13,92,80) (S 13,80,76) (S 13,76,46) (S 13,46,38) (D 13,39,1)
0 1 8 149 874 18 (D 0,1,1) (S 13,67,67) (S 13,68,69) (S 13,71,70) (S 13,70,72) (S 13,73,73) (S 13,44,44) (S 13,45,55) (D 13,56,1)
0 1 9 148 1023 12 (D 0,1,1) (S 13,135,43) (S 13,43,43) (S 13,44,43) (S 13,37,38) (D 13,38,1)
0 1 10 147 862 18 (D 0,1,1) (S 13,64,64) (S 13,64,64) (S 13,65,62) (S 13,62,55) (S 13,140,140) (S 13,49,49) (S 13,49,49) (D 13,48,1)
0 1 11 150 959 14 (D 0,1,1) (S 13,96,96) (S 13,97,55) (S 13,54,54) (S 13,54,48) (S 13,48,61) (D 13,61,1)
0 1 12 150 752 12 (D 0,1,1) (S 13,42,37) (S 13,37,37) (S 13,36,36) (S 13,36,36) (D 13,38,1)
0 1 13 150 983 14 (D 0,1,1) (S 13,139,139) (S 13,139,139) (S 13,33,33) (S 13,11,11) (S 13,11,28) (D 13,29,1)
0 1 14 142 1187 14 (D 0,1,1) (S 13,40,11) (S 13,27,27) (S 13,28,28) (S 13,30,30) (S 13,30,30) (D 13,32,1)
0 1 15 145 1064 16 (D 0,1,1) (S 13,12,12) (S 13,13,13) (S 13,13,13) (S 13,14,16) (S 13,16,15) (S 13,15,10) (D 13,10,1)
0 1 16 142 1192 12 (D 0,1,1) (S 13,8,8) (S 13,6,6) (S 13,6,6) (S 13,5,20) (D 13,22,1)
0 1 17 145 1217 14 (D 0,1,1) (S 13,29,27) (S 13,25,25) (S 13,24,24) (S 13,20,20) (S 13,20,5) (D 13,5,1)
0 1 18 71 1091 6 (D 0,1,1) (S 13,9,25) (D 13,25,1)

