22919
28
28986355
0 1 1 129 696 14 (D 0,1,1) (S 16,2,2) (S 16,3,2) (S 16,4,4) (S 16,5,5) (S 16,6,50) (D 16,52,1)
0 1 2 130 548 10 (D 0,1,1) (S 16,69,69) (S 16,58,59) (S 16,69,44) (D 16,45,1)
0 1 3 130 664 18 (D 0,1,1) (S 16,7,7) (S 16,8,8) (S 16,9,9) (S 16,9,9) (S 16,10,10) (S 16,11,12) (S 16,12,21) (D 16,51,1)
0 1 4 130 779 16 (D 0,1,1) (S 16,8,11) (S 16,12,12) (S 16,76,76) (S 16,20,20) (S 16,18,15) (S 16,77,52) (D 16,54,1)
0 1 5 128 632 10 (D 0,1,1) (S 16,58,58) (S 16,57,57) (S 16,42,42) (D 16,43,1)
0 1 6 127 689 10 (D 0,1,1) (S 16,11,12) (S 16,16,16) (S 16,13,13) (D 16,14,1)
0 1 7 129 693 10 (D 0,1,1) (S 16,44,44) (S 16,43,42) (S 16,41,40) (D 16,39,1)
0 1 8 128 568 10 (D 0,1,1) (S 16,59,58) (S 16,60,60) (S 16,67,67) (D 16,67,1)
0 1 9 129 617 18 (D 0,1,1) (S 16,46,46) (S 16,46,46) (S 16,45,45) (S 16,45,47) (S 16,49,49) (S 16,50,52) (S 16,53,53) (D 16,51,1)
0 1 10 130 652 12 (D 0,1,1) (S 16,44,46) (S 16,47,47) (S 16,48,48) (S 16,48,22) (D 16,24,1)
0 1 11 129 954 12 (D 0,1,1) (S 16,48,49) (S 16,51,51) (S 16,51,53) (S 16,53,72) (D 16,73,1)
0 1 12 130 785 12 (D 0,1,1) (S 16,61,60) (S 16,62,62) (S 16,62,62) (S 16,66,56) (D 16,55,1)
0 1 13 128 685 10 (D 0,1,1) (S 16,67,67) (S 16,56,56) (S 16,42,43) (D 16,43,1)
0 1 14 129 884 14 (D 0,1,1) (S 16,63,63) (S 16,65,65) (S 16,65,63) (S 16,64,57) (S 16,57,41) (D 16,40,1)
0 1 15 127 955 14 (D 0,1,1) (S 16,77,77) (S 16,13,13) (S 16,13,14) (S 16,15,15) (S 16,17,72) (D 16,71,1)
0 1 16 130 1006 12 (D 0,1,1) (S 16,76,20) (S 16,19,19) (S 16,50,21) (S 16,22,73) (D 16,71,1)
0 1 17 129 698 10 (D 0,1,1) (S 16,50,54) (S 16,54,53) (S 16,24,24) (D 16,25,1)
0 1 18 128 875 12 (D 0,1,1) (S 16,68,68) (S 16,68,41) (S 16,35,35) (S 16,39,40) (D 16,40,1)
0 1 19 127 855 10 (D 0,1,1) (S 16,19,19) (S 16,18,18) (S 16,15,22) (D 16,22,1)
0 1 20 124 827 14 (D 0,1,1) (S 16,75,75) (S 16,23,23) (S 16,31,31) (S 16,30,23) (S 16,26,26) (D 16,25,1)
0 1 21 129 939 12 (D 0,1,1) (S 16,16,77) (S 16,77,24) (S 16,24,25) (S 16,75,26) (D 16,28,1)
0 1 22 129 983 12 (D 0,1,1) (S 16,56,41) (S 16,41,39) (S 16,37,37) (S 16,38,33) (D 16,36,1)
0 1 23 117 871 6 (D 0,1,1) (S 16,72,73) (D 16,74,1)
0 1 24 122 1054 12 (D 0,1,1) (S 16,29,29) (S 16,28,28) (S 16,28,26) (S 16,27,32) (D 16,34,1)
0 1 25 116 889 6 (D 0,1,1) (S 16,32,32) (D 16,33,1)
0 1 26 106 965 6 (D 0,1,1) (S 16,33,34) (D 16,34,1)
0 1 27 114 1298 6 (D 0,1,1) (S 16,32,71) (D 16,70,1)
0 1 28 40 858 4 (D 0,1,1) (D 16,70,1)

