62281
78
113661336
0 1 1 120 774 20 (D 0,1,1) (S 17,116,116) (S 17,115,115) (S 17,116,116) (S 17,1,116) (S 17,117,117) (S 17,119,119) (S 17,120,87) (S 17,86,97) (D 17,98,1)
0 1 2 119 332 16 (D 0,1,1) (S 17,117,117) (S 17,115,115) (S 17,114,114) (S 17,113,113) (S 17,114,113) (S 17,112,112) (D 17,112,1)
0 1 3 119 365 10 (D 0,1,1) (S 17,114,114) (S 17,118,118) (S 17,121,121) (D 17,122,1)
0 1 4 118 355 12 (D 0,1,1) (S 17,117,117) (S 17,2,2) (S 17,117,117) (S 17,118,118) (D 17,121,1)
0 1 5 118 428 10 (D 0,1,1) (S 17,118,118) (S 17,91,91) (S 17,103,91) (D 17,90,1)
0 1 6 120 762 16 (D 0,1,1) (S 17,119,119) (S 17,120,120) (S 17,121,121) (S 17,120,120) (S 17,123,123) (S 17,122,97) (D 17,98,1)
0 1 7 120 527 14 (D 0,1,1) (S 17,118,118) (S 17,91,91) (S 17,90,90) (S 17,88,86) (S 17,87,113) (D 17,112,1)
0 1 8 120 421 14 (D 0,1,1) (S 17,123,123) (S 17,124,124) (S 17,126,126) (S 17,124,124) (S 17,123,122) (D 17,121,1)
0 1 9 117 473 12 (D 0,1,1) (S 17,103,103) (S 17,91,90) (S 17,90,90) (S 17,88,89) (D 17,92,1)
0 1 10 119 542 12 (D 0,1,1) (S 17,103,103) (S 17,102,102) (S 17,104,104) (S 17,105,101) (D 17,94,1)
0 1 11 118 421 14 (D 0,1,1) (S 17,110,110) (S 17,112,112) (S 17,107,107) (S 17,106,106) (S 17,108,107) (D 17,112,1)
0 1 12 118 551 20 (D 0,1,1) (S 17,110,110) (S 17,111,111) (S 17,110,110) (S 17,107,107) (S 17,108,108) (S 17,106,106) (S 17,105,105) (S 17,104,101) (D 17,94,1)
0 1 13 119 663 16 (D 0,1,1) (S 17,108,107) (S 17,106,106) (S 17,105,105) (S 17,105,104) (S 17,102,63) (S 17,62,69) (D 17,67,1)
0 1 14 119 515 12 (D 0,1,1) (S 17,123,123) (S 17,125,125) (S 17,138,138) (S 17,131,131) (D 17,132,1)
0 1 15 120 779 18 (D 0,1,1) (S 17,87,87) (S 17,87,87) (S 17,122,122) (S 17,122,123) (S 17,125,138) (S 17,136,136) (S 17,138,47) (D 17,42,1)
0 1 16 119 687 14 (D 0,1,1) (S 17,88,88) (S 17,89,89) (S 17,88,88) (S 17,86,86) (S 17,85,46) (D 17,43,1)
0 1 17 119 561 6 (D 0,1,1) (S 17,109,109) (D 17,109,1)
0 1 18 119 635 14 (D 0,1,1) (S 17,86,86) (S 17,85,85) (S 17,84,84) (S 17,92,92) (S 17,82,46) (D 17,43,1)
0 1 19 120 814 8 (D 0,1,1) (S 17,109,104) (S 17,104,67) (D 17,69,1)
0 1 20 120 565 10 (D 0,1,1) (S 17,66,66) (S 17,67,67) (S 17,68,68) (D 17,67,1)
0 1 21 117 687 10 (D 0,1,1) (S 17,66,66) (S 17,62,62) (S 17,63,56) (D 17,55,1)
0 1 22 120 566 10 (D 0,1,1) (S 17,102,102) (S 17,101,101) (S 17,66,66) (D 17,67,1)
0 1 23 120 728 18 (D 0,1,1) (S 17,68,69) (S 17,71,71) (S 17,70,70) (S 17,71,71) (S 17,69,69) (S 17,70,70) (S 17,58,56) (D 17,55,1)
0 1 24 120 750 14 (D 0,1,1) (S 17,68,69) (S 17,69,69) (S 17,70,70) (S 17,58,58) (S 17,57,45) (D 17,34,1)
0 1 25 119 599 8 (D 0,1,1) (S 17,4,126) (S 17,131,131) (D 17,126,1)
0 1 26 117 645 8 (D 0,1,1) (S 17,4,126) (S 17,130,126) (D 17,127,1)
0 1 27 117 533 20 (D 0,1,1) (S 17,85,85) (S 17,84,84) (S 17,82,82) (S 17,80,80) (S 17,81,81) (S 17,79,79) (S 17,81,81) (S 17,80,80) (D 17,79,1)
0 1 28 119 565 16 (D 0,1,1) (S 17,138,138) (S 17,131,131) (S 17,132,132) (S 17,133,133) (S 17,135,135) (S 17,134,133) (D 17,132,1)
0 1 29 117 589 14 (D 0,1,1) (S 17,130,126) (S 17,127,127) (S 17,129,129) (S 17,128,128) (S 17,127,127) (D 17,129,1)
0 1 30 117 530 14 (D 0,1,1) (S 17,92,92) (S 17,82,82) (S 17,83,83) (S 17,81,81) (S 17,83,83) (D 17,84,1)
0 1 31 119 649 22 (D 0,1,1) (S 17,82,82) (S 17,80,80) (S 17,79,79) (S 17,78,78) (S 17,77,77) (S 17,46,46) (S 17,47,47) (S 17,46,46) (S 17,77,43) (D 17,42,1)
0 1 32 117 695 18 (D 0,1,1) (S 17,83,83) (S 17,82,92) (S 17,89,79) (S 17,78,78) (S 17,77,77) (S 17,76,76) (S 17,74,74) (D 17,72,1)
0 1 33 119 958 12 (D 0,1,1) (S 17,128,128) (S 17,3,3) (S 17,128,133) (S 17,134,43) (D 17,42,1)
0 1 34 120 762 14 (D 0,1,1) (S 17,101,101) (S 17,66,66) (S 17,62,62) (S 17,57,57) (S 17,58,45) (D 17,34,1)
0 1 35 119 861 14 (D 0,1,1) (S 17,137,137) (S 17,136,136) (S 17,136,136) (S 17,134,134) (S 17,133,47) (D 17,42,1)
0 1 36 118 877 16 (D 0,1,1) (S 17,134,134) (S 17,135,135) (S 17,133,133) (S 17,133,135) (S 17,135,77) (S 17,76,74) (D 17,73,1)
0 1 37 120 859 8 (D 0,1,1) (S 17,128,81) (S 17,81,35) (D 17,36,1)
0 1 38 119 812 14 (D 0,1,1) (S 17,100,100) (S 17,99,99) (S 17,96,96) (S 17,97,97) (S 17,99,74) (D 17,73,1)
0 1 39 117 876 16 (D 0,1,1) (S 17,93,93) (S 17,64,64) (S 17,63,63) (S 17,93,93) (S 17,63,63) (S 17,64,35) (D 17,36,1)
0 1 40 120 961 14 (D 0,1,1) (S 17,95,95) (S 17,96,96) (S 17,99,99) (S 17,97,96) (S 17,95,48) (D 17,50,1)
0 1 41 116 635 10 (D 0,1,1) (S 17,95,96) (S 17,97,99) (S 17,100,100) (D 17,94,1)
0 1 42 119 680 18 (D 0,1,1) (S 17,93,93) (S 17,64,64) (S 17,65,65) (S 17,64,63) (S 17,63,62) (S 17,57,71) (S 17,72,72) (D 17,71,1)
0 1 43 120 859 10 (D 0,1,1) (S 17,75,75) (S 17,76,76) (S 17,74,55) (D 17,54,1)
0 1 44 116 714 10 (D 0,1,1) (S 17,75,75) (S 17,76,74) (S 17,72,72) (D 17,73,1)
0 1 45 118 701 12 (D 0,1,1) (S 17,73,73) (S 17,44,44) (S 17,43,43) (S 17,37,37) (D 17,42,1)
0 1 46 116 774 14 (D 0,1,1) (S 17,59,59) (S 17,59,59) (S 17,61,61) (S 17,49,49) (S 17,48,48) (D 17,50,1)
0 1 47 120 750 10 (D 0,1,1) (S 17,59,59) (S 17,61,61) (S 17,60,45) (D 17,44,1)
0 1 48 116 698 10 (D 0,1,1) (S 17,46,43) (S 17,44,44) (S 17,45,45) (D 17,60,1)
0 1 49 120 827 12 (D 0,1,1) (S 17,37,37) (S 17,35,35) (S 17,34,45) (S 17,60,61) (D 17,49,1)
0 1 50 119 785 8 (D 0,1,1) (S 17,41,41) (S 17,38,38) (D 17,41,1)
0 1 51 117 789 8 (D 0,1,1) (S 17,41,41) (S 17,40,39) (D 17,38,1)
0 1 52 120 904 10 (D 0,1,1) (S 17,56,56) (S 17,57,55) (S 17,54,53) (D 17,52,1)
0 1 53 116 961 12 (D 0,1,1) (S 17,44,34) (S 17,139,139) (S 17,33,33) (S 17,139,29) (D 17,28,1)
0 1 54 117 924 12 (D 0,1,1) (S 17,37,37) (S 17,35,35) (S 17,34,60) (S 17,59,38) (D 17,39,1)
0 1 55 120 879 14 (D 0,1,1) (S 17,56,56) (S 17,65,55) (S 17,140,140) (S 17,53,53) (S 17,52,48) (D 17,49,1)
0 1 56 118 1069 14 (D 0,1,1) (S 17,36,36) (S 17,37,35) (S 17,35,36) (S 17,38,38) (S 17,36,29) (D 17,28,1)
0 1 57 119 1086 16 (D 0,1,1) (S 17,60,60) (S 17,61,49) (S 17,140,140) (S 17,55,54) (S 17,140,28) (S 17,30,30) (D 17,28,1)
0 1 58 118 960 12 (D 0,1,1) (S 17,36,39) (S 17,40,40) (S 17,41,40) (S 17,39,34) (D 17,139,1)
0 1 59 120 1108 14 (D 0,1,1) (S 17,140,140) (S 17,53,52) (S 17,51,51) (S 17,50,50) (S 17,51,28) (D 17,27,1)
0 1 60 115 985 12 (D 0,1,1) (S 17,49,48) (S 17,139,33) (S 17,11,12) (S 17,13,13) (D 17,17,1)
0 1 61 118 975 10 (D 0,1,1) (S 17,139,33) (S 17,29,28) (S 17,28,28) (D 17,27,1)
0 1 62 116 1099 12 (D 0,1,1) (S 17,51,33) (S 17,11,11) (S 17,27,27) (S 17,27,25) (D 17,24,1)
0 1 63 118 1064 10 (D 0,1,1) (S 17,29,30) (S 17,32,32) (S 17,30,25) (D 17,24,1)
0 1 64 117 1118 12 (D 0,1,1) (S 17,12,12) (S 17,20,20) (S 17,24,25) (S 17,27,13) (D 17,17,1)
0 1 65 118 999 10 (D 0,1,1) (S 17,11,11) (S 17,27,27) (S 17,25,30) (D 17,30,1)
0 1 66 119 1004 20 (D 0,1,1) (S 17,12,12) (S 17,13,13) (S 17,16,16) (S 17,16,16) (S 17,15,15) (S 17,17,17) (S 17,18,18) (S 17,19,19) (D 17,18,1)
0 1 67 117 1047 12 (D 0,1,1) (S 17,8,8) (S 17,6,6) (S 17,8,8) (S 17,9,9) (D 17,10,1)
0 1 68 118 1029 12 (D 0,1,1) (S 17,8,8) (S 17,9,9) (S 17,10,10) (S 17,15,15) (D 17,16,1)
0 1 69 113 1084 14 (D 0,1,1) (S 17,20,20) (S 17,22,22) (S 17,22,22) (S 17,20,13) (S 17,16,15) (D 17,10,1)
0 1 70 116 1050 14 (D 0,1,1) (S 17,14,14) (S 17,14,14) (S 17,13,17) (S 17,18,19) (S 17,10,10) (D 17,10,1)
0 1 71 115 1111 8 (D 0,1,1) (S 17,31,31) (S 17,30,24) (D 17,20,1)
0 1 72 111 1193 10 (D 0,1,1) (S 17,15,10) (S 17,19,20) (S 17,21,21) (D 17,21,1)
0 1 73 117 1276 14 (D 0,1,1) (S 17,7,7) (S 17,6,6) (S 17,6,6) (S 17,5,5) (S 17,6,31) (D 17,26,1)
0 1 74 100 1105 10 (D 0,1,1) (S 17,26,26) (S 17,31,26) (S 17,23,23) (D 17,26,1)
0 1 75 100 1041 6 (D 0,1,1) (S 17,25,25) (D 17,26,1)
0 1 76 113 1140 6 (D 0,1,1) (S 17,21,21) (D 17,23,1)
0 1 77 112 1104 6 (D 0,1,1) (S 17,23,23) (D 17,24,1)
0 1 78 55 1082 4 (D 0,1,1) (D 17,21,1)

