22659
24
77451249
0 1 1 150 781 20 (D 0,1,1) (S 14,116,116) (S 14,117,117) (S 14,119,119) (S 14,119,119) (S 14,117,117) (S 14,2,2) (S 14,117,114) (S 14,113,97) (D 14,98,1)
0 1 2 150 424 18 (D 0,1,1) (S 14,116,116) (S 14,116,116) (S 14,117,118) (S 14,114,114) (S 14,113,113) (S 14,112,112) (S 14,110,110) (D 14,107,1)
0 1 3 148 540 18 (D 0,1,1) (S 14,118,122) (S 14,122,87) (S 14,86,86) (S 14,85,85) (S 14,86,86) (S 14,87,85) (S 14,84,84) (D 14,85,1)
0 1 4 149 650 26 (D 0,1,1) (S 14,112,112) (S 14,107,107) (S 14,112,112) (S 14,110,110) (S 14,110,110) (S 14,111,111) (S 14,110,110) (S 14,107,107) (S 14,106,106) (S 14,105,105) (S 14,104,67) (D 14,69,1)
0 1 5 149 674 10 (D 0,1,1) (S 14,108,108) (S 14,109,106) (S 14,105,105) (D 14,104,1)
0 1 6 150 845 18 (D 0,1,1) (S 14,106,104) (S 14,102,102) (S 14,104,107) (S 14,108,66) (S 14,62,62) (S 14,63,63) (S 14,62,69) (D 14,67,1)
0 1 7 150 979 10 (D 0,1,1) (S 14,109,66) (S 14,67,67) (S 14,68,46) (D 14,43,1)
0 1 8 149 799 24 (D 0,1,1) (S 14,86,84) (S 14,82,82) (S 14,80,80) (S 14,79,79) (S 14,78,78) (S 14,77,77) (S 14,78,78) (S 14,79,79) (S 14,80,46) (S 14,43,45) (D 14,34,1)
0 1 9 148 858 14 (D 0,1,1) (S 14,126,126) (S 14,130,130) (S 14,126,126) (S 14,124,129) (S 14,129,69) (D 14,71,1)
0 1 10 149 881 20 (D 0,1,1) (S 14,82,82) (S 14,80,83) (S 14,83,92) (S 14,92,77) (S 14,46,46) (S 14,77,43) (S 14,37,37) (S 14,43,44) (D 14,45,1)
0 1 11 149 928 12 (D 0,1,1) (S 14,130,133) (S 14,133,135) (S 14,135,66) (S 14,62,62) (D 14,62,1)
0 1 12 150 1012 20 (D 0,1,1) (S 14,67,67) (S 14,67,67) (S 14,68,69) (S 14,71,71) (S 14,72,72) (S 14,73,73) (S 14,72,45) (S 14,34,97) (D 14,98,1)
0 1 13 147 920 14 (D 0,1,1) (S 14,72,73) (S 14,44,44) (S 14,43,43) (S 14,44,44) (S 14,73,56) (D 14,55,1)
0 1 14 148 897 26 (D 0,1,1) (S 14,64,64) (S 14,65,65) (S 14,64,64) (S 14,63,56) (S 14,55,55) (S 14,54,54) (S 14,55,55) (S 14,140,140) (S 14,55,140) (S 14,49,49) (S 14,48,48) (D 14,48,1)
0 1 15 149 1081 22 (D 0,1,1) (S 14,96,96) (S 14,97,97) (S 14,96,96) (S 14,95,95) (S 14,95,140) (S 14,49,49) (S 14,48,139) (S 14,33,33) (S 14,11,33) (D 14,139,1)
0 1 16 150 1181 20 (D 0,1,1) (S 14,47,37) (S 14,36,36) (S 14,38,38) (S 14,36,36) (S 14,37,38) (S 14,39,39) (S 14,38,29) (S 14,28,28) (D 14,27,1)
0 1 17 146 1045 12 (D 0,1,1) (S 14,75,44) (S 14,45,34) (S 14,139,33) (S 14,11,12) (D 14,13,1)
0 1 18 149 985 12 (D 0,1,1) (S 14,60,34) (S 14,139,33) (S 14,33,11) (S 14,12,12) (D 14,13,1)
0 1 19 146 1206 14 (D 0,1,1) (S 14,40,40) (S 14,39,11) (S 14,8,8) (S 14,6,6) (S 14,5,5) (D 14,6,1)
0 1 20 146 1166 12 (D 0,1,1) (S 14,12,13) (S 14,14,14) (S 14,13,11) (S 14,8,8) (D 14,9,1)
0 1 21 147 1177 10 (D 0,1,1) (S 14,27,27) (S 14,11,8) (S 14,6,8) (D 14,9,1)
0 1 22 149 1075 20 (D 0,1,1) (S 14,28,28) (S 14,28,28) (S 14,30,30) (S 14,30,30) (S 14,32,32) (S 14,30,30) (S 14,28,28) (S 14,27,27) (D 14,25,1)
0 1 23 135 1257 18 (D 0,1,1) (S 14,25,25) (S 14,24,24) (S 14,20,20) (S 14,22,22) (S 14,20,20) (S 14,24,24) (S 14,25,9) (D 14,9,1)
0 1 24 110 1298 8 (D 0,1,1) (S 14,7,5) (S 14,5,21) (D 14,21,1)

