26875
27
96508704
0 1 1 235 622 24 (D 0,1,1) (S 21,116,116) (S 21,117,117) (S 21,2,2) (S 21,117,117) (S 21,116,116) (S 21,1,117) (S 21,119,119) (S 21,117,117) (S 21,118,122) (S 21,122,123) (D 21,123,1)
0 1 2 235 723 20 (D 0,1,1) (S 21,118,118) (S 21,114,114) (S 21,113,113) (S 21,112,112) (S 21,113,113) (S 21,103,103) (S 21,113,113) (S 21,114,87) (D 21,86,1)
0 1 3 233 655 22 (D 0,1,1) (S 21,2,120) (S 21,120,118) (S 21,114,114) (S 21,114,112) (S 21,107,107) (S 21,110,110) (S 21,107,107) (S 21,106,106) (S 21,106,106) (D 21,105,1)
0 1 4 235 758 20 (D 0,1,1) (S 21,110,110) (S 21,111,111) (S 21,110,110) (S 21,112,112) (S 21,107,107) (S 21,108,108) (S 21,108,108) (S 21,109,108) (D 21,106,1)
0 1 5 235 1084 18 (D 0,1,1) (S 21,108,108) (S 21,109,108) (S 21,106,106) (S 21,107,111) (S 21,111,106) (S 21,105,105) (S 21,104,97) (D 21,98,1)
0 1 6 235 1128 34 (D 0,1,1) (S 21,86,86) (S 21,85,85) (S 21,86,87) (S 21,87,85) (S 21,84,84) (S 21,82,82) (S 21,92,92) (S 21,89,89) (S 21,92,92) (S 21,82,82) (S 21,84,84) (S 21,83,83) (S 21,82,82) (S 21,80,46) (S 21,43,97) (D 21,98,1)
0 1 7 233 817 22 (D 0,1,1) (S 21,103,102) (S 21,104,104) (S 21,104,104) (S 21,105,104) (S 21,102,102) (S 21,102,94) (S 21,94,100) (S 21,99,99) (S 21,97,97) (D 21,96,1)
0 1 8 233 769 20 (D 0,1,1) (S 21,126,126) (S 21,126,126) (S 21,124,124) (S 21,4,4) (S 21,124,126) (S 21,127,127) (S 21,128,128) (S 21,129,127) (D 21,127,1)
0 1 9 234 851 38 (D 0,1,1) (S 21,84,84) (S 21,83,83) (S 21,81,81) (S 21,79,79) (S 21,78,78) (S 21,77,77) (S 21,78,78) (S 21,79,79) (S 21,80,80) (S 21,79,79) (S 21,81,81) (S 21,80,80) (S 21,80,80) (S 21,82,82) (S 21,83,83) (S 21,81,81) (S 21,80,77) (D 21,76,1)
0 1 10 233 738 30 (D 0,1,1) (S 21,138,138) (S 21,136,136) (S 21,134,134) (S 21,135,135) (S 21,133,133) (S 21,132,132) (S 21,133,133) (S 21,134,134) (S 21,136,136) (S 21,137,137) (S 21,136,136) (S 21,136,136) (S 21,138,138) (D 21,125,1)
0 1 11 235 1069 26 (D 0,1,1) (S 21,130,130) (S 21,126,126) (S 21,131,131) (S 21,131,131) (S 21,126,126) (S 21,127,127) (S 21,129,129) (S 21,127,127) (S 21,128,131) (S 21,132,132) (S 21,132,67) (D 21,69,1)
0 1 12 232 1086 20 (D 0,1,1) (S 21,131,131) (S 21,138,134) (S 21,135,135) (S 21,133,133) (S 21,134,133) (S 21,133,132) (S 21,131,129) (S 21,128,77) (D 21,77,1)
0 1 13 235 1090 24 (D 0,1,1) (S 21,3,3) (S 21,128,77) (S 21,46,46) (S 21,77,77) (S 21,76,76) (S 21,75,75) (S 21,75,71) (S 21,69,69) (S 21,70,70) (S 21,71,71) (D 21,72,1)
0 1 14 233 883 28 (D 0,1,1) (S 21,62,62) (S 21,63,63) (S 21,93,93) (S 21,64,64) (S 21,63,63) (S 21,64,64) (S 21,65,65) (S 21,64,64) (S 21,93,93) (S 21,63,63) (S 21,62,62) (S 21,57,57) (D 21,62,1)
0 1 15 234 901 34 (D 0,1,1) (S 21,67,67) (S 21,66,66) (S 21,62,57) (S 21,58,58) (S 21,70,70) (S 21,69,69) (S 21,67,67) (S 21,68,68) (S 21,67,69) (S 21,71,71) (S 21,72,72) (S 21,73,73) (S 21,74,74) (S 21,73,73) (S 21,72,71) (D 21,70,1)
0 1 16 235 1042 28 (D 0,1,1) (S 21,99,99) (S 21,99,99) (S 21,96,96) (S 21,95,95) (S 21,95,95) (S 21,96,96) (S 21,96,96) (S 21,97,97) (S 21,99,99) (S 21,96,57) (S 21,58,58) (S 21,59,59) (D 21,60,1)
0 1 17 232 937 22 (D 0,1,1) (S 21,71,72) (S 21,74,74) (S 21,76,76) (S 21,74,74) (S 21,72,70) (S 21,70,70) (S 21,58,58) (S 21,59,59) (S 21,61,61) (D 21,59,1)
0 1 18 235 1036 26 (D 0,1,1) (S 21,75,73) (S 21,44,44) (S 21,44,44) (S 21,43,43) (S 21,42,42) (S 21,37,37) (S 21,36,36) (S 21,38,38) (S 21,39,39) (S 21,39,38) (S 21,41,36) (D 21,35,1)
0 1 19 233 926 18 (D 0,1,1) (S 21,47,47) (S 21,41,41) (S 21,40,40) (S 21,39,38) (S 21,38,41) (S 21,41,36) (S 21,36,35) (D 21,35,1)
0 1 20 235 1098 22 (D 0,1,1) (S 21,37,37) (S 21,35,35) (S 21,34,34) (S 21,139,139) (S 21,33,33) (S 21,29,29) (S 21,28,28) (S 21,28,28) (S 21,30,34) (D 21,45,1)
0 1 21 234 1012 36 (D 0,1,1) (S 21,42,44) (S 21,45,45) (S 21,45,45) (S 21,60,60) (S 21,61,61) (S 21,61,61) (S 21,49,49) (S 21,48,48) (S 21,50,50) (S 21,51,51) (S 21,51,52) (S 21,53,53) (S 21,140,140) (S 21,54,54) (S 21,55,55) (S 21,54,55) (D 21,56,1)
0 1 22 234 1370 24 (D 0,1,1) (S 21,56,56) (S 21,55,55) (S 21,140,140) (S 21,49,49) (S 21,61,61) (S 21,60,60) (S 21,59,60) (S 21,45,44) (S 21,73,49) (S 21,49,12) (D 21,13,1)
0 1 23 234 1351 22 (D 0,1,1) (S 21,56,55) (S 21,140,140) (S 21,54,48) (S 21,48,33) (S 21,11,11) (S 21,8,8) (S 21,6,6) (S 21,5,7) (S 21,7,16) (D 21,13,1)
0 1 24 235 1313 22 (D 0,1,1) (S 21,27,27) (S 21,28,30) (S 21,30,30) (S 21,32,32) (S 21,32,30) (S 21,31,26) (S 21,25,25) (S 21,25,25) (S 21,27,25) (D 21,24,1)
0 1 25 229 1313 20 (D 0,1,1) (S 21,12,12) (S 21,12,12) (S 21,20,20) (S 21,20,20) (S 21,24,24) (S 21,24,24) (S 21,23,21) (S 21,21,20) (D 21,22,1)
0 1 26 232 1431 16 (D 0,1,1) (S 21,27,20) (S 21,21,13) (S 21,13,13) (S 21,14,14) (S 21,14,19) (S 21,10,9) (D 21,8,1)
0 1 27 32 872 4 (D 0,1,1) (D 21,8,1)

