477
9
1505012
0 1 1 27 55 14 (D 0,1,1) (S 5,3,3) (S 5,11,11) (S 5,11,11) (S 5,2,2) (S 5,1,1) (D 5,11,1)
0 1 2 27 49 10 (D 0,1,1) (S 5,10,10) (S 5,10,10) (S 5,9,9) (D 5,6,1)
0 1 3 27 52 18 (D 0,1,1) (S 5,9,9) (S 5,9,9) (S 5,3,3) (S 5,10,10) (S 5,7,7) (S 5,3,3) (S 5,4,1) (D 5,5,1)
0 1 4 27 47 10 (D 0,1,1) (S 5,8,8) (S 5,4,4) (S 5,11,11) (D 5,5,1)
0 1 5 27 50 16 (D 0,1,1) (S 5,6,6) (S 5,6,6) (S 5,4,4) (S 5,1,1) (S 5,7,7) (S 5,2,6) (D 5,10,1)
0 1 6 27 67 12 (D 0,1,1) (S 5,4,4) (S 5,10,10) (S 5,5,5) (S 5,7,7) (D 5,6,1)
0 1 7 26 47 14 (D 0,1,1) (S 5,5,5) (S 5,4,4) (S 5,9,9) (S 5,2,2) (S 5,8,8) (D 5,8,1)
0 1 8 26 67 14 (D 0,1,1) (S 5,6,7) (S 5,9,9) (S 5,8,5) (S 5,3,3) (S 5,2,2) (D 5,4,1)
0 1 9 21 43 10 (D 0,1,1) (S 5,11,11) (S 5,9,5) (S 5,5,5) (D 5,2,1)

