2027
7
11276342
0 1 1 200 289 46 (D 0,1,1) (S 6,6,6) (S 6,6,6) (S 6,1,1) (S 6,40,40) (S 6,8,8) (S 6,1,1) (S 6,35,35) (S 6,36,36) (S 6,29,29) (S 6,30,30) (S 6,31,31) (S 6,38,38) (S 6,39,39) (S 6,39,39) (S 6,32,32) (S 6,31,31) (S 6,37,37) (S 6,37,37) (S 6,30,30) (S 6,31,31) (S 6,32,32) (D 6,32,1)
0 1 2 200 268 42 (D 0,1,1) (S 6,33,33) (S 6,33,33) (S 6,34,34) (S 6,34,34) (S 6,26,26) (S 6,27,27) (S 6,27,27) (S 6,28,28) (S 6,28,28) (S 6,35,35) (S 6,34,34) (S 6,27,27) (S 6,26,26) (S 6,33,33) (S 6,34,34) (S 6,26,26) (S 6,33,33) (S 6,1,1) (S 6,2,2) (D 6,1,1)
0 1 3 199 292 58 (D 0,1,1) (S 6,11,11) (S 6,11,11) (S 6,12,12) (S 6,13,13) (S 6,12,12) (S 6,17,17) (S 6,13,13) (S 6,7,7) (S 6,3,3) (S 6,3,3) (S 6,2,2) (S 6,36,36) (S 6,37,37) (S 6,3,3) (S 6,37,37) (S 6,31,31) (S 6,38,38) (S 6,37,37) (S 6,38,38) (S 6,4,4) (S 6,4,4) (S 6,5,5) (S 6,5,5) (S 6,39,39) (S 6,38,38) (S 6,4,4) (S 6,3,3) (D 6,7,1)
0 1 4 200 305 48 (D 0,1,1) (S 6,10,10) (S 6,1,1) (S 6,8,8) (S 6,8,8) (S 6,9,9) (S 6,15,15) (S 6,16,16) (S 6,10,10) (S 6,10,10) (S 6,16,16) (S 6,15,15) (S 6,9,9) (S 6,10,10) (S 6,9,9) (S 6,8,8) (S 6,14,14) (S 6,8,8) (S 6,40,40) (S 6,1,1) (S 6,35,35) (S 6,34,35) (S 6,35,6) (D 6,12,1)
0 1 5 200 283 54 (D 0,1,1) (S 6,11,11) (S 6,16,16) (S 6,11,11) (S 6,12,12) (S 6,17,17) (S 6,13,13) (S 6,18,18) (S 6,18,18) (S 6,22,22) (S 6,25,25) (S 6,24,24) (S 6,23,23) (S 6,20,20) (S 6,21,21) (S 6,20,20) (S 6,20,20) (S 6,17,17) (S 6,20,20) (S 6,23,23) (S 6,24,24) (S 6,21,21) (S 6,21,21) (S 6,22,22) (S 6,22,22) (S 6,21,22) (D 6,25,1)
0 1 6 199 315 50 (D 0,1,1) (S 6,6,6) (S 6,2,2) (S 6,2,2) (S 6,3,3) (S 6,4,4) (S 6,5,5) (S 6,39,39) (S 6,32,30) (S 6,30,30) (S 6,37,37) (S 6,36,36) (S 6,29,29) (S 6,29,29) (S 6,30,36) (S 6,35,35) (S 6,28,28) (S 6,27,27) (S 6,34,2) (S 6,36,6) (S 6,7,7) (S 6,6,6) (S 6,12,12) (S 6,12,13) (D 6,18,1)
0 1 7 174 275 40 (D 0,1,1) (S 6,13,13) (S 6,19,19) (S 6,19,19) (S 6,18,18) (S 6,22,21) (S 6,24,24) (S 6,25,25) (S 6,25,18) (S 6,17,17) (S 6,18,18) (S 6,19,19) (S 6,13,13) (S 6,13,7) (S 6,7,17) (S 6,17,15) (S 6,15,15) (S 6,14,14) (S 6,15,14) (D 6,14,1)

