3132
24
20513799
0 1 1 75 138 24 (D 0,1,1) (S 8,5,5) (S 8,18,18) (S 8,19,19) (S 8,19,19) (S 8,11,11) (S 8,5,5) (S 8,18,18) (S 8,26,26) (S 8,19,19) (S 8,18,43) (D 8,43,1)
0 1 2 75 132 22 (D 0,1,1) (S 8,2,2) (S 8,1,1) (S 8,5,5) (S 8,11,11) (S 8,12,12) (S 8,6,6) (S 8,1,1) (S 8,6,12) (S 8,13,16) (D 8,16,1)
0 1 3 75 121 18 (D 0,1,1) (S 8,6,6) (S 8,5,5) (S 8,6,6) (S 8,7,7) (S 8,2,2) (S 8,3,3) (S 8,2,2) (D 8,7,1)
0 1 4 75 131 24 (D 0,1,1) (S 8,7,7) (S 8,8,8) (S 8,14,14) (S 8,15,15) (S 8,16,16) (S 8,24,24) (S 8,25,25) (S 8,17,17) (S 8,17,17) (S 8,16,37) (D 8,37,1)
0 1 5 75 115 26 (D 0,1,1) (S 8,13,13) (S 8,12,12) (S 8,20,20) (S 8,20,20) (S 8,12,12) (S 8,11,11) (S 8,11,11) (S 8,19,19) (S 8,20,20) (S 8,21,21) (S 8,27,30) (D 8,34,1)
0 1 6 75 127 26 (D 0,1,1) (S 8,12,12) (S 8,12,13) (S 8,6,13) (S 8,21,21) (S 8,13,13) (S 8,7,7) (S 8,13,13) (S 8,14,14) (S 8,14,14) (S 8,8,8) (S 8,9,9) (D 8,3,1)
0 1 7 74 127 20 (D 0,1,1) (S 8,14,14) (S 8,22,22) (S 8,23,23) (S 8,23,23) (S 8,31,31) (S 8,23,23) (S 8,24,24) (S 8,16,16) (D 8,17,1)
0 1 8 75 128 22 (D 0,1,1) (S 8,30,30) (S 8,26,26) (S 8,29,29) (S 8,26,26) (S 8,26,26) (S 8,34,34) (S 8,35,35) (S 8,36,36) (S 8,27,30) (D 8,34,1)
0 1 9 74 132 20 (D 0,1,1) (S 8,30,30) (S 8,27,27) (S 8,21,21) (S 8,20,20) (S 8,19,19) (S 8,26,26) (S 8,18,18) (S 8,29,29) (D 8,33,1)
0 1 10 74 142 20 (D 0,1,1) (S 8,15,15) (S 8,9,9) (S 8,10,10) (S 8,17,17) (S 8,10,10) (S 8,4,4) (S 8,3,3) (S 8,4,4) (D 8,10,1)
0 1 11 75 136 22 (D 0,1,1) (S 8,5,18) (S 8,18,18) (S 8,29,29) (S 8,33,33) (S 8,40,40) (S 8,34,34) (S 8,33,33) (S 8,39,39) (S 8,39,46) (D 8,46,1)
0 1 12 73 131 20 (D 0,1,1) (S 8,22,22) (S 8,31,31) (S 8,22,22) (S 8,21,21) (S 8,22,22) (S 8,23,23) (S 8,15,15) (S 8,9,9) (D 8,3,1)
0 1 13 75 129 24 (D 0,1,1) (S 8,8,8) (S 8,9,9) (S 8,16,16) (S 8,15,15) (S 8,23,23) (S 8,24,24) (S 8,32,32) (S 8,31,31) (S 8,37,37) (S 8,32,32) (D 8,31,1)
0 1 14 73 124 18 (D 0,1,1) (S 8,8,9) (S 8,9,9) (S 8,16,24) (S 8,25,25) (S 8,28,28) (S 8,28,28) (S 8,38,38) (D 8,32,1)
0 1 15 74 127 24 (D 0,1,1) (S 8,30,30) (S 8,30,30) (S 8,27,27) (S 8,31,31) (S 8,31,31) (S 8,27,27) (S 8,35,35) (S 8,41,41) (S 8,48,48) (S 8,41,41) (D 8,40,1)
0 1 16 74 144 22 (D 0,1,1) (S 8,34,34) (S 8,33,33) (S 8,39,39) (S 8,29,29) (S 8,39,33) (S 8,46,46) (S 8,33,33) (S 8,40,40) (S 8,47,47) (D 8,48,1)
0 1 17 75 139 20 (D 0,1,1) (S 8,10,10) (S 8,10,17) (S 8,25,25) (S 8,28,28) (S 8,32,32) (S 8,28,28) (S 8,38,38) (S 8,38,38) (D 8,37,1)
0 1 18 75 142 22 (D 0,1,1) (S 8,35,35) (S 8,35,35) (S 8,36,36) (S 8,37,37) (S 8,32,32) (S 8,38,38) (S 8,45,45) (S 8,38,38) (S 8,43,42) (D 8,44,1)
0 1 19 73 140 28 (D 0,1,1) (S 8,40,40) (S 8,47,47) (S 8,48,48) (S 8,49,49) (S 8,44,44) (S 8,50,50) (S 8,45,45) (S 8,43,43) (S 8,37,37) (S 8,31,37) (S 8,36,36) (S 8,42,42) (D 8,44,1)
0 1 20 74 150 22 (D 0,1,1) (S 8,22,37) (S 8,38,38) (S 8,43,43) (S 8,42,42) (S 8,43,43) (S 8,50,50) (S 8,49,49) (S 8,41,41) (S 8,42,42) (D 8,42,1)
0 1 21 74 149 22 (D 0,1,1) (S 8,35,35) (S 8,41,41) (S 8,40,47) (S 8,46,46) (S 8,47,48) (S 8,49,49) (S 8,44,44) (S 8,44,44) (S 8,50,50) (D 8,43,1)
0 1 22 71 133 20 (D 0,1,1) (S 8,36,36) (S 8,42,42) (S 8,41,41) (S 8,49,49) (S 8,50,50) (S 8,45,45) (S 8,43,43) (S 8,37,36) (D 8,36,1)
0 1 23 70 130 14 (D 0,1,1) (S 8,27,33) (S 8,33,48) (S 8,48,49) (S 8,49,32) (S 8,24,24) (D 8,24,1)
0 1 24 22 65 6 (D 0,1,1) (S 8,3,32) (D 8,32,1)

