1573
12
14564976
0 1 1 75 148 22 (D 0,1,1) (S 9,5,5) (S 9,5,5) (S 9,6,6) (S 9,1,1) (S 9,2,2) (S 9,3,3) (S 9,4,4) (S 9,10,10) (S 9,10,26) (D 9,30,1)
0 1 2 75 125 28 (D 0,1,1) (S 9,13,13) (S 9,12,12) (S 9,12,12) (S 9,20,20) (S 9,30,30) (S 9,34,34) (S 9,40,40) (S 9,47,47) (S 9,48,48) (S 9,41,41) (S 9,42,42) (S 9,44,41) (D 9,41,1)
0 1 3 74 110 24 (D 0,1,1) (S 9,12,12) (S 9,11,11) (S 9,19,19) (S 9,18,18) (S 9,26,26) (S 9,19,19) (S 9,20,20) (S 9,21,21) (S 9,13,13) (S 9,14,14) (D 9,8,1)
0 1 4 75 124 22 (D 0,1,1) (S 9,7,7) (S 9,2,7) (S 9,13,14) (S 9,22,22) (S 9,23,23) (S 9,31,31) (S 9,27,27) (S 9,30,30) (S 9,30,26) (D 9,29,1)
0 1 5 75 135 24 (D 0,1,1) (S 9,11,11) (S 9,11,18) (S 9,29,29) (S 9,39,39) (S 9,39,39) (S 9,33,33) (S 9,46,46) (S 9,47,40) (S 9,41,41) (S 9,49,41) (D 9,35,1)
0 1 6 74 114 22 (D 0,1,1) (S 9,15,15) (S 9,23,23) (S 9,24,24) (S 9,16,16) (S 9,16,16) (S 9,9,9) (S 9,8,8) (S 9,8,8) (S 9,7,14) (D 9,14,1)
0 1 7 75 126 22 (D 0,1,1) (S 9,18,26) (S 9,26,26) (S 9,34,34) (S 9,35,35) (S 9,36,36) (S 9,37,37) (S 9,31,31) (S 9,22,22) (S 9,22,22) (D 9,21,1)
0 1 8 74 146 20 (D 0,1,1) (S 9,27,27) (S 9,35,34) (S 9,33,33) (S 9,40,33) (S 9,29,29) (S 9,29,27) (S 9,36,36) (S 9,42,44) (D 9,44,1)
0 1 9 73 147 22 (D 0,1,1) (S 9,16,16) (S 9,17,17) (S 9,10,10) (S 9,9,9) (S 9,3,9) (S 9,15,31) (S 9,31,31) (S 9,32,32) (S 9,37,43) (D 9,45,1)
0 1 10 71 120 20 (D 0,1,1) (S 9,25,25) (S 9,25,25) (S 9,28,28) (S 9,32,32) (S 9,32,32) (S 9,38,38) (S 9,38,38) (S 9,28,32) (D 9,24,1)
0 1 11 72 149 18 (D 0,1,1) (S 9,43,43) (S 9,43,43) (S 9,38,38) (S 9,37,43) (S 9,42,44) (S 9,49,49) (S 9,48,49) (D 9,50,1)
0 1 12 43 129 14 (D 0,1,1) (S 9,17,38) (S 9,45,45) (S 9,50,50) (S 9,44,36) (S 9,36,43) (D 9,50,1)

