2457
18
17580328
0 1 1 75 144 18 (D 0,1,1) (S 10,2,2) (S 10,1,1) (S 10,6,6) (S 10,5,5) (S 10,11,11) (S 10,5,5) (S 10,18,41) (D 10,41,1)
0 1 2 74 128 20 (D 0,1,1) (S 10,5,5) (S 10,1,1) (S 10,6,6) (S 10,7,7) (S 10,7,7) (S 10,2,2) (S 10,3,3) (S 10,4,4) (D 10,3,1)
0 1 3 73 133 18 (D 0,1,1) (S 10,5,5) (S 10,5,5) (S 10,18,18) (S 10,29,29) (S 10,39,39) (S 10,33,33) (S 10,29,29) (D 10,33,1)
0 1 4 75 119 28 (D 0,1,1) (S 10,7,7) (S 10,8,8) (S 10,7,7) (S 10,13,13) (S 10,12,12) (S 10,11,11) (S 10,19,19) (S 10,18,18) (S 10,26,26) (S 10,30,30) (S 10,34,34) (S 10,40,40) (D 10,33,1)
0 1 5 75 115 24 (D 0,1,1) (S 10,12,12) (S 10,6,6) (S 10,13,13) (S 10,7,7) (S 10,2,2) (S 10,3,3) (S 10,3,3) (S 10,9,9) (S 10,8,8) (S 10,14,14) (D 10,15,1)
0 1 6 74 120 24 (D 0,1,1) (S 10,13,13) (S 10,21,21) (S 10,13,13) (S 10,14,14) (S 10,13,13) (S 10,12,12) (S 10,20,20) (S 10,30,30) (S 10,34,34) (S 10,26,26) (D 10,29,1)
0 1 7 75 137 22 (D 0,1,1) (S 10,20,20) (S 10,21,21) (S 10,27,27) (S 10,21,21) (S 10,22,22) (S 10,14,14) (S 10,15,15) (S 10,9,9) (S 10,10,10) (D 10,4,1)
0 1 8 74 126 20 (D 0,1,1) (S 10,11,11) (S 10,19,19) (S 10,19,19) (S 10,20,20) (S 10,30,30) (S 10,27,27) (S 10,36,36) (S 10,35,35) (D 10,41,1)
0 1 9 74 126 24 (D 0,1,1) (S 10,19,19) (S 10,26,26) (S 10,29,29) (S 10,18,18) (S 10,19,19) (S 10,26,26) (S 10,18,26) (S 10,30,30) (S 10,27,27) (S 10,31,31) (D 10,32,1)
0 1 10 73 120 22 (D 0,1,1) (S 10,21,21) (S 10,22,22) (S 10,14,14) (S 10,8,8) (S 10,9,9) (S 10,16,16) (S 10,15,15) (S 10,23,23) (S 10,23,23) (D 10,22,1)
0 1 11 74 132 22 (D 0,1,1) (S 10,16,16) (S 10,9,9) (S 10,3,9) (S 10,15,15) (S 10,23,23) (S 10,24,24) (S 10,25,25) (S 10,24,24) (S 10,32,32) (D 10,31,1)
0 1 12 74 151 24 (D 0,1,1) (S 10,34,34) (S 10,35,35) (S 10,27,27) (S 10,35,34) (S 10,33,33) (S 10,34,40) (S 10,33,33) (S 10,39,39) (S 10,29,40) (S 10,47,40) (D 10,41,1)
0 1 13 74 134 20 (D 0,1,1) (S 10,31,31) (S 10,22,22) (S 10,23,23) (S 10,31,31) (S 10,27,27) (S 10,36,36) (S 10,37,37) (S 10,32,32) (D 10,28,1)
0 1 14 75 167 22 (D 0,1,1) (S 10,24,24) (S 10,16,16) (S 10,17,17) (S 10,25,25) (S 10,17,17) (S 10,10,10) (S 10,10,10) (S 10,4,4) (S 10,4,42) (D 10,44,1)
0 1 15 75 152 20 (D 0,1,1) (S 10,17,17) (S 10,10,10) (S 10,9,16) (S 10,24,24) (S 10,32,32) (S 10,38,38) (S 10,28,28) (S 10,25,28) (D 10,32,1)
0 1 16 75 145 22 (D 0,1,1) (S 10,31,31) (S 10,37,37) (S 10,38,38) (S 10,28,28) (S 10,25,25) (S 10,25,32) (S 10,37,37) (S 10,43,43) (S 10,50,45) (D 10,43,1)
0 1 17 73 146 20 (D 0,1,1) (S 10,37,43) (S 10,38,38) (S 10,32,36) (S 10,42,42) (S 10,43,45) (S 10,50,50) (S 10,49,49) (S 10,48,48) (D 10,47,1)
0 1 18 73 162 22 (D 0,1,1) (S 10,46,46) (S 10,33,33) (S 10,46,48) (S 10,41,41) (S 10,49,49) (S 10,44,44) (S 10,50,45) (S 10,38,42) (S 10,41,49) (D 10,49,1)

