446
6
1041920
0 1 1 5 68 12 (D 0,1,1) (S 2,12,12) (S 2,12,12) (S 2,6,6) (S 2,5,5) (D 2,11,1)
0 1 2 5 46 12 (D 0,1,1) (S 2,10,10) (S 2,10,10) (S 2,8,8) (S 2,7,7) (D 2,7,1)
0 1 3 5 89 12 (D 0,1,1) (S 2,7,7) (S 2,12,12) (S 2,5,5) (S 2,3,3) (D 2,2,1)
0 1 4 5 76 12 (D 0,1,1) (S 2,4,4) (S 2,2,2) (S 2,9,9) (S 2,11,11) (D 2,11,1)
0 1 5 5 77 12 (D 0,1,1) (S 2,2,2) (S 2,2,9) (S 2,10,10) (S 2,11,11) (D 2,8,1)
0 1 6 4 90 10 (D 0,1,1) (S 2,7,3) (S 2,4,4) (S 2,4,3) (D 2,3,1)

588
6
819698
0 1 1 5 85 12 (D 0,1,1) (S 3,4,4) (S 3,2,2) (S 3,1,1) (S 3,7,7) (D 3,12,1)
0 1 2 5 107 12 (D 0,1,1) (S 3,10,10) (S 3,1,1) (S 3,12,12) (S 3,11,11) (D 3,3,1)
0 1 3 5 93 12 (D 0,1,1) (S 3,2,2) (S 3,3,3) (S 3,3,3) (S 3,4,4) (D 3,11,1)
0 1 4 5 93 12 (D 0,1,1) (S 3,9,9) (S 3,10,10) (S 3,8,8) (S 3,10,10) (D 3,9,1)
0 1 5 5 66 12 (D 0,1,1) (S 3,6,6) (S 3,6,6) (S 3,12,12) (S 3,5,5) (D 3,3,1)
0 1 6 4 144 10 (D 0,1,1) (S 3,8,11) (S 3,5,5) (S 3,6,11) (D 3,11,1)

691
5
884929
0 1 1 35 110 12 (D 0,1,1) (S 4,3,3) (S 4,6,6) (S 4,2,1) (S 4,5,5) (D 4,10,1)
0 1 2 34 170 12 (D 0,1,1) (S 4,3,3) (S 4,3,4) (S 4,10,11) (S 4,13,9) (D 4,8,1)
0 1 3 34 131 10 (D 0,1,1) (S 4,11,11) (S 4,11,13) (S 4,13,13) (D 4,9,1)
0 1 4 34 134 8 (D 0,1,1) (S 4,10,11) (S 4,12,12) (D 4,8,1)
0 1 5 30 146 8 (D 0,1,1) (S 4,7,8) (S 4,8,12) (D 4,13,1)

477
9
1125873
0 1 1 27 55 14 (D 0,1,1) (S 5,3,3) (S 5,11,11) (S 5,11,11) (S 5,2,2) (S 5,1,1) (D 5,11,1)
0 1 2 27 49 10 (D 0,1,1) (S 5,10,10) (S 5,10,10) (S 5,9,9) (D 5,6,1)
0 1 3 27 52 18 (D 0,1,1) (S 5,9,9) (S 5,9,9) (S 5,3,3) (S 5,10,10) (S 5,7,7) (S 5,3,3) (S 5,4,1) (D 5,5,1)
0 1 4 27 47 10 (D 0,1,1) (S 5,8,8) (S 5,4,4) (S 5,11,11) (D 5,5,1)
0 1 5 27 50 16 (D 0,1,1) (S 5,6,6) (S 5,6,6) (S 5,4,4) (S 5,1,1) (S 5,7,7) (S 5,2,6) (D 5,10,1)
0 1 6 27 67 12 (D 0,1,1) (S 5,4,4) (S 5,10,10) (S 5,5,5) (S 5,7,7) (D 5,6,1)
0 1 7 26 47 14 (D 0,1,1) (S 5,5,5) (S 5,4,4) (S 5,9,9) (S 5,2,2) (S 5,8,8) (D 5,8,1)
0 1 8 26 67 14 (D 0,1,1) (S 5,6,7) (S 5,9,9) (S 5,8,5) (S 5,3,3) (S 5,2,2) (D 5,4,1)
0 1 9 21 43 10 (D 0,1,1) (S 5,11,11) (S 5,9,5) (S 5,5,5) (D 5,2,1)

2027
7
11479435
0 1 1 200 289 46 (D 0,1,1) (S 6,6,6) (S 6,6,6) (S 6,1,1) (S 6,40,40) (S 6,8,8) (S 6,1,1) (S 6,35,35) (S 6,36,36) (S 6,29,29) (S 6,30,30) (S 6,31,31) (S 6,38,38) (S 6,39,39) (S 6,39,39) (S 6,32,32) (S 6,31,31) (S 6,37,37) (S 6,37,37) (S 6,30,30) (S 6,31,31) (S 6,32,32) (D 6,32,1)
0 1 2 200 268 42 (D 0,1,1) (S 6,33,33) (S 6,33,33) (S 6,34,34) (S 6,34,34) (S 6,26,26) (S 6,27,27) (S 6,27,27) (S 6,28,28) (S 6,28,28) (S 6,35,35) (S 6,34,34) (S 6,27,27) (S 6,26,26) (S 6,33,33) (S 6,34,34) (S 6,26,26) (S 6,33,33) (S 6,1,1) (S 6,2,2) (D 6,1,1)
0 1 3 199 292 58 (D 0,1,1) (S 6,11,11) (S 6,11,11) (S 6,12,12) (S 6,13,13) (S 6,12,12) (S 6,17,17) (S 6,13,13) (S 6,7,7) (S 6,3,3) (S 6,3,3) (S 6,2,2) (S 6,36,36) (S 6,37,37) (S 6,3,3) (S 6,37,37) (S 6,31,31) (S 6,38,38) (S 6,37,37) (S 6,38,38) (S 6,4,4) (S 6,4,4) (S 6,5,5) (S 6,5,5) (S 6,39,39) (S 6,38,38) (S 6,4,4) (S 6,3,3) (D 6,7,1)
0 1 4 200 305 48 (D 0,1,1) (S 6,10,10) (S 6,1,1) (S 6,8,8) (S 6,8,8) (S 6,9,9) (S 6,15,15) (S 6,16,16) (S 6,10,10) (S 6,10,10) (S 6,16,16) (S 6,15,15) (S 6,9,9) (S 6,10,10) (S 6,9,9) (S 6,8,8) (S 6,14,14) (S 6,8,8) (S 6,40,40) (S 6,1,1) (S 6,35,35) (S 6,34,35) (S 6,35,6) (D 6,12,1)
0 1 5 200 283 54 (D 0,1,1) (S 6,11,11) (S 6,16,16) (S 6,11,11) (S 6,12,12) (S 6,17,17) (S 6,13,13) (S 6,18,18) (S 6,18,18) (S 6,22,22) (S 6,25,25) (S 6,24,24) (S 6,23,23) (S 6,20,20) (S 6,21,21) (S 6,20,20) (S 6,20,20) (S 6,17,17) (S 6,20,20) (S 6,23,23) (S 6,24,24) (S 6,21,21) (S 6,21,21) (S 6,22,22) (S 6,22,22) (S 6,21,22) (D 6,25,1)
0 1 6 199 315 50 (D 0,1,1) (S 6,6,6) (S 6,2,2) (S 6,2,2) (S 6,3,3) (S 6,4,4) (S 6,5,5) (S 6,39,39) (S 6,32,30) (S 6,30,30) (S 6,37,37) (S 6,36,36) (S 6,29,29) (S 6,29,29) (S 6,30,36) (S 6,35,35) (S 6,28,28) (S 6,27,27) (S 6,34,2) (S 6,36,6) (S 6,7,7) (S 6,6,6) (S 6,12,12) (S 6,12,13) (D 6,18,1)
0 1 7 174 275 40 (D 0,1,1) (S 6,13,13) (S 6,19,19) (S 6,19,19) (S 6,18,18) (S 6,22,21) (S 6,24,24) (S 6,25,25) (S 6,25,18) (S 6,17,17) (S 6,18,18) (S 6,19,19) (S 6,13,13) (S 6,13,7) (S 6,7,17) (S 6,17,15) (S 6,15,15) (S 6,14,14) (S 6,15,14) (D 6,14,1)

1417
5
9139703
0 1 1 199 286 46 (D 0,1,1) (S 7,33,33) (S 7,33,33) (S 7,26,26) (S 7,26,26) (S 7,34,34) (S 7,33,33) (S 7,1,1) (S 7,10,10) (S 7,9,9) (S 7,15,15) (S 7,14,14) (S 7,14,14) (S 7,8,8) (S 7,8,8) (S 7,1,1) (S 7,11,11) (S 7,1,1) (S 7,40,40) (S 7,1,1) (S 7,35,35) (S 7,34,40) (D 7,40,1)
0 1 2 200 316 58 (D 0,1,1) (S 7,2,2) (S 7,3,3) (S 7,4,4) (S 7,38,38) (S 7,39,39) (S 7,5,5) (S 7,4,4) (S 7,3,3) (S 7,7,7) (S 7,13,13) (S 7,12,12) (S 7,17,17) (S 7,13,13) (S 7,12,12) (S 7,11,11) (S 7,16,16) (S 7,11,11) (S 7,12,12) (S 7,6,6) (S 7,1,1) (S 7,8,8) (S 7,40,40) (S 7,8,8) (S 7,14,15) (S 7,16,16) (S 7,10,10) (S 7,1,1) (D 7,2,1)
0 1 3 200 306 58 (D 0,1,1) (S 7,6,6) (S 7,2,2) (S 7,6,6) (S 7,7,7) (S 7,6,6) (S 7,12,2) (S 7,36,36) (S 7,35,35) (S 7,1,2) (S 7,3,3) (S 7,7,7) (S 7,13,13) (S 7,13,13) (S 7,18,18) (S 7,17,17) (S 7,17,17) (S 7,20,20) (S 7,21,21) (S 7,22,22) (S 7,25,25) (S 7,24,24) (S 7,23,23) (S 7,20,21) (S 7,24,24) (S 7,24,25) (S 7,25,3) (S 7,37,37) (D 7,30,1)
0 1 4 200 339 48 (D 0,1,1) (S 7,36,36) (S 7,37,37) (S 7,31,31) (S 7,38,38) (S 7,37,37) (S 7,3,4) (S 7,5,5) (S 7,5,5) (S 7,39,39) (S 7,32,32) (S 7,31,31) (S 7,30,30) (S 7,29,29) (S 7,36,38) (S 7,38,38) (S 7,4,4) (S 7,4,13) (S 7,19,19) (S 7,18,18) (S 7,22,30) (S 7,30,32) (S 7,32,10) (D 7,9,1)
0 1 5 99 170 20 (D 0,1,1) (S 7,9,9) (S 7,8,9) (S 7,15,16) (S 7,10,35) (S 7,28,28) (S 7,27,27) (S 7,26,27) (S 7,34,34) (D 7,34,1)

3132
24
20849722
0 1 1 75 138 24 (D 0,1,1) (S 8,5,5) (S 8,18,18) (S 8,19,19) (S 8,19,19) (S 8,11,11) (S 8,5,5) (S 8,18,18) (S 8,26,26) (S 8,19,19) (S 8,18,43) (D 8,43,1)
0 1 2 75 132 22 (D 0,1,1) (S 8,2,2) (S 8,1,1) (S 8,5,5) (S 8,11,11) (S 8,12,12) (S 8,6,6) (S 8,1,1) (S 8,6,12) (S 8,13,16) (D 8,16,1)
0 1 3 75 121 18 (D 0,1,1) (S 8,6,6) (S 8,5,5) (S 8,6,6) (S 8,7,7) (S 8,2,2) (S 8,3,3) (S 8,2,2) (D 8,7,1)
0 1 4 75 131 24 (D 0,1,1) (S 8,7,7) (S 8,8,8) (S 8,14,14) (S 8,15,15) (S 8,16,16) (S 8,24,24) (S 8,25,25) (S 8,17,17) (S 8,17,17) (S 8,16,37) (D 8,37,1)
0 1 5 75 115 26 (D 0,1,1) (S 8,13,13) (S 8,12,12) (S 8,20,20) (S 8,20,20) (S 8,12,12) (S 8,11,11) (S 8,11,11) (S 8,19,19) (S 8,20,20) (S 8,21,21) (S 8,27,30) (D 8,34,1)
0 1 6 75 127 26 (D 0,1,1) (S 8,12,12) (S 8,12,13) (S 8,6,13) (S 8,21,21) (S 8,13,13) (S 8,7,7) (S 8,13,13) (S 8,14,14) (S 8,14,14) (S 8,8,8) (S 8,9,9) (D 8,3,1)
0 1 7 74 127 20 (D 0,1,1) (S 8,14,14) (S 8,22,22) (S 8,23,23) (S 8,23,23) (S 8,31,31) (S 8,23,23) (S 8,24,24) (S 8,16,16) (D 8,17,1)
0 1 8 75 128 22 (D 0,1,1) (S 8,30,30) (S 8,26,26) (S 8,29,29) (S 8,26,26) (S 8,26,26) (S 8,34,34) (S 8,35,35) (S 8,36,36) (S 8,27,30) (D 8,34,1)
0 1 9 74 132 20 (D 0,1,1) (S 8,30,30) (S 8,27,27) (S 8,21,21) (S 8,20,20) (S 8,19,19) (S 8,26,26) (S 8,18,18) (S 8,29,29) (D 8,33,1)
0 1 10 74 142 20 (D 0,1,1) (S 8,15,15) (S 8,9,9) (S 8,10,10) (S 8,17,17) (S 8,10,10) (S 8,4,4) (S 8,3,3) (S 8,4,4) (D 8,10,1)
0 1 11 75 136 22 (D 0,1,1) (S 8,5,18) (S 8,18,18) (S 8,29,29) (S 8,33,33) (S 8,40,40) (S 8,34,34) (S 8,33,33) (S 8,39,39) (S 8,39,46) (D 8,46,1)
0 1 12 73 131 20 (D 0,1,1) (S 8,22,22) (S 8,31,31) (S 8,22,22) (S 8,21,21) (S 8,22,22) (S 8,23,23) (S 8,15,15) (S 8,9,9) (D 8,3,1)
0 1 13 75 129 24 (D 0,1,1) (S 8,8,8) (S 8,9,9) (S 8,16,16) (S 8,15,15) (S 8,23,23) (S 8,24,24) (S 8,32,32) (S 8,31,31) (S 8,37,37) (S 8,32,32) (D 8,31,1)
0 1 14 73 124 18 (D 0,1,1) (S 8,8,9) (S 8,9,9) (S 8,16,24) (S 8,25,25) (S 8,28,28) (S 8,28,28) (S 8,38,38) (D 8,32,1)
0 1 15 74 127 24 (D 0,1,1) (S 8,30,30) (S 8,30,30) (S 8,27,27) (S 8,31,31) (S 8,31,31) (S 8,27,27) (S 8,35,35) (S 8,41,41) (S 8,48,48) (S 8,41,41) (D 8,40,1)
0 1 16 74 144 22 (D 0,1,1) (S 8,34,34) (S 8,33,33) (S 8,39,39) (S 8,29,29) (S 8,39,33) (S 8,46,46) (S 8,33,33) (S 8,40,40) (S 8,47,47) (D 8,48,1)
0 1 17 75 139 20 (D 0,1,1) (S 8,10,10) (S 8,10,17) (S 8,25,25) (S 8,28,28) (S 8,32,32) (S 8,28,28) (S 8,38,38) (S 8,38,38) (D 8,37,1)
0 1 18 75 142 22 (D 0,1,1) (S 8,35,35) (S 8,35,35) (S 8,36,36) (S 8,37,37) (S 8,32,32) (S 8,38,38) (S 8,45,45) (S 8,38,38) (S 8,43,42) (D 8,44,1)
0 1 19 73 140 28 (D 0,1,1) (S 8,40,40) (S 8,47,47) (S 8,48,48) (S 8,49,49) (S 8,44,44) (S 8,50,50) (S 8,45,45) (S 8,43,43) (S 8,37,37) (S 8,31,37) (S 8,36,36) (S 8,42,42) (D 8,44,1)
0 1 20 74 150 22 (D 0,1,1) (S 8,22,37) (S 8,38,38) (S 8,43,43) (S 8,42,42) (S 8,43,43) (S 8,50,50) (S 8,49,49) (S 8,41,41) (S 8,42,42) (D 8,42,1)
0 1 21 74 149 22 (D 0,1,1) (S 8,35,35) (S 8,41,41) (S 8,40,47) (S 8,46,46) (S 8,47,48) (S 8,49,49) (S 8,44,44) (S 8,44,44) (S 8,50,50) (D 8,43,1)
0 1 22 71 133 20 (D 0,1,1) (S 8,36,36) (S 8,42,42) (S 8,41,41) (S 8,49,49) (S 8,50,50) (S 8,45,45) (S 8,43,43) (S 8,37,36) (D 8,36,1)
0 1 23 70 130 14 (D 0,1,1) (S 8,27,33) (S 8,33,48) (S 8,48,49) (S 8,49,32) (S 8,24,24) (D 8,24,1)
0 1 24 22 65 6 (D 0,1,1) (S 8,3,32) (D 8,32,1)

1573
12
14901084
0 1 1 75 148 22 (D 0,1,1) (S 9,5,5) (S 9,5,5) (S 9,6,6) (S 9,1,1) (S 9,2,2) (S 9,3,3) (S 9,4,4) (S 9,10,10) (S 9,10,26) (D 9,30,1)
0 1 2 75 125 28 (D 0,1,1) (S 9,13,13) (S 9,12,12) (S 9,12,12) (S 9,20,20) (S 9,30,30) (S 9,34,34) (S 9,40,40) (S 9,47,47) (S 9,48,48) (S 9,41,41) (S 9,42,42) (S 9,44,41) (D 9,41,1)
0 1 3 74 110 24 (D 0,1,1) (S 9,12,12) (S 9,11,11) (S 9,19,19) (S 9,18,18) (S 9,26,26) (S 9,19,19) (S 9,20,20) (S 9,21,21) (S 9,13,13) (S 9,14,14) (D 9,8,1)
0 1 4 75 124 22 (D 0,1,1) (S 9,7,7) (S 9,2,7) (S 9,13,14) (S 9,22,22) (S 9,23,23) (S 9,31,31) (S 9,27,27) (S 9,30,30) (S 9,30,26) (D 9,29,1)
0 1 5 75 135 24 (D 0,1,1) (S 9,11,11) (S 9,11,18) (S 9,29,29) (S 9,39,39) (S 9,39,39) (S 9,33,33) (S 9,46,46) (S 9,47,40) (S 9,41,41) (S 9,49,41) (D 9,35,1)
0 1 6 74 114 22 (D 0,1,1) (S 9,15,15) (S 9,23,23) (S 9,24,24) (S 9,16,16) (S 9,16,16) (S 9,9,9) (S 9,8,8) (S 9,8,8) (S 9,7,14) (D 9,14,1)
0 1 7 75 126 22 (D 0,1,1) (S 9,18,26) (S 9,26,26) (S 9,34,34) (S 9,35,35) (S 9,36,36) (S 9,37,37) (S 9,31,31) (S 9,22,22) (S 9,22,22) (D 9,21,1)
0 1 8 74 146 20 (D 0,1,1) (S 9,27,27) (S 9,35,34) (S 9,33,33) (S 9,40,33) (S 9,29,29) (S 9,29,27) (S 9,36,36) (S 9,42,44) (D 9,44,1)
0 1 9 73 147 22 (D 0,1,1) (S 9,16,16) (S 9,17,17) (S 9,10,10) (S 9,9,9) (S 9,3,9) (S 9,15,31) (S 9,31,31) (S 9,32,32) (S 9,37,43) (D 9,45,1)
0 1 10 71 120 20 (D 0,1,1) (S 9,25,25) (S 9,25,25) (S 9,28,28) (S 9,32,32) (S 9,32,32) (S 9,38,38) (S 9,38,38) (S 9,28,32) (D 9,24,1)
0 1 11 72 149 18 (D 0,1,1) (S 9,43,43) (S 9,43,43) (S 9,38,38) (S 9,37,43) (S 9,42,44) (S 9,49,49) (S 9,48,49) (D 9,50,1)
0 1 12 43 129 14 (D 0,1,1) (S 9,17,38) (S 9,45,45) (S 9,50,50) (S 9,44,36) (S 9,36,43) (D 9,50,1)

2457
18
17728476
0 1 1 75 144 18 (D 0,1,1) (S 10,2,2) (S 10,1,1) (S 10,6,6) (S 10,5,5) (S 10,11,11) (S 10,5,5) (S 10,18,41) (D 10,41,1)
0 1 2 74 128 20 (D 0,1,1) (S 10,5,5) (S 10,1,1) (S 10,6,6) (S 10,7,7) (S 10,7,7) (S 10,2,2) (S 10,3,3) (S 10,4,4) (D 10,3,1)
0 1 3 73 133 18 (D 0,1,1) (S 10,5,5) (S 10,5,5) (S 10,18,18) (S 10,29,29) (S 10,39,39) (S 10,33,33) (S 10,29,29) (D 10,33,1)
0 1 4 75 119 28 (D 0,1,1) (S 10,7,7) (S 10,8,8) (S 10,7,7) (S 10,13,13) (S 10,12,12) (S 10,11,11) (S 10,19,19) (S 10,18,18) (S 10,26,26) (S 10,30,30) (S 10,34,34) (S 10,40,40) (D 10,33,1)
0 1 5 75 115 24 (D 0,1,1) (S 10,12,12) (S 10,6,6) (S 10,13,13) (S 10,7,7) (S 10,2,2) (S 10,3,3) (S 10,3,3) (S 10,9,9) (S 10,8,8) (S 10,14,14) (D 10,15,1)
0 1 6 74 120 24 (D 0,1,1) (S 10,13,13) (S 10,21,21) (S 10,13,13) (S 10,14,14) (S 10,13,13) (S 10,12,12) (S 10,20,20) (S 10,30,30) (S 10,34,34) (S 10,26,26) (D 10,29,1)
0 1 7 75 137 22 (D 0,1,1) (S 10,20,20) (S 10,21,21) (S 10,27,27) (S 10,21,21) (S 10,22,22) (S 10,14,14) (S 10,15,15) (S 10,9,9) (S 10,10,10) (D 10,4,1)
0 1 8 74 126 20 (D 0,1,1) (S 10,11,11) (S 10,19,19) (S 10,19,19) (S 10,20,20) (S 10,30,30) (S 10,27,27) (S 10,36,36) (S 10,35,35) (D 10,41,1)
0 1 9 74 126 24 (D 0,1,1) (S 10,19,19) (S 10,26,26) (S 10,29,29) (S 10,18,18) (S 10,19,19) (S 10,26,26) (S 10,18,26) (S 10,30,30) (S 10,27,27) (S 10,31,31) (D 10,32,1)
0 1 10 73 120 22 (D 0,1,1) (S 10,21,21) (S 10,22,22) (S 10,14,14) (S 10,8,8) (S 10,9,9) (S 10,16,16) (S 10,15,15) (S 10,23,23) (S 10,23,23) (D 10,22,1)
0 1 11 74 132 22 (D 0,1,1) (S 10,16,16) (S 10,9,9) (S 10,3,9) (S 10,15,15) (S 10,23,23) (S 10,24,24) (S 10,25,25) (S 10,24,24) (S 10,32,32) (D 10,31,1)
0 1 12 74 151 24 (D 0,1,1) (S 10,34,34) (S 10,35,35) (S 10,27,27) (S 10,35,34) (S 10,33,33) (S 10,34,40) (S 10,33,33) (S 10,39,39) (S 10,29,40) (S 10,47,40) (D 10,41,1)
0 1 13 74 134 20 (D 0,1,1) (S 10,31,31) (S 10,22,22) (S 10,23,23) (S 10,31,31) (S 10,27,27) (S 10,36,36) (S 10,37,37) (S 10,32,32) (D 10,28,1)
0 1 14 75 167 22 (D 0,1,1) (S 10,24,24) (S 10,16,16) (S 10,17,17) (S 10,25,25) (S 10,17,17) (S 10,10,10) (S 10,10,10) (S 10,4,4) (S 10,4,42) (D 10,44,1)
0 1 15 75 152 20 (D 0,1,1) (S 10,17,17) (S 10,10,10) (S 10,9,16) (S 10,24,24) (S 10,32,32) (S 10,38,38) (S 10,28,28) (S 10,25,28) (D 10,32,1)
0 1 16 75 145 22 (D 0,1,1) (S 10,31,31) (S 10,37,37) (S 10,38,38) (S 10,28,28) (S 10,25,25) (S 10,25,32) (S 10,37,37) (S 10,43,43) (S 10,50,45) (D 10,43,1)
0 1 17 73 146 20 (D 0,1,1) (S 10,37,43) (S 10,38,38) (S 10,32,36) (S 10,42,42) (S 10,43,45) (S 10,50,50) (S 10,49,49) (S 10,48,48) (D 10,47,1)
0 1 18 73 162 22 (D 0,1,1) (S 10,46,46) (S 10,33,33) (S 10,46,48) (S 10,41,41) (S 10,49,49) (S 10,44,44) (S 10,50,45) (S 10,38,42) (S 10,41,49) (D 10,49,1)

16100
14
28611643
0 1 1 305 929 24 (D 0,1,1) (S 11,2,2) (S 11,3,3) (S 11,2,2) (S 11,4,4) (S 11,69,69) (S 11,58,58) (S 11,59,59) (S 11,58,58) (S 11,60,60) (S 11,62,68) (D 11,68,1)
0 1 2 304 951 22 (D 0,1,1) (S 11,2,2) (S 11,4,4) (S 11,5,5) (S 11,4,4) (S 11,69,69) (S 11,59,59) (S 11,69,69) (S 11,58,44) (S 11,45,50) (D 11,52,1)
0 1 3 305 985 28 (D 0,1,1) (S 11,6,9) (S 11,10,10) (S 11,10,10) (S 11,9,11) (S 11,12,12) (S 11,16,16) (S 11,16,16) (S 11,13,13) (S 11,14,14) (S 11,14,14) (S 11,13,13) (S 11,16,50) (D 11,52,1)
0 1 4 305 881 22 (D 0,1,1) (S 11,69,59) (S 11,44,44) (S 11,46,46) (S 11,44,44) (S 11,59,59) (S 11,11,11) (S 11,12,12) (S 11,12,76) (S 11,20,20) (D 11,76,1)
0 1 5 305 1017 24 (D 0,1,1) (S 11,11,11) (S 11,11,12) (S 11,16,13) (S 11,13,15) (S 11,17,17) (S 11,15,15) (S 11,15,15) (S 11,18,19) (S 11,19,52) (S 11,54,51) (D 11,21,1)
0 1 6 305 1147 20 (D 0,1,1) (S 11,59,58) (S 11,57,57) (S 11,42,42) (S 11,57,57) (S 11,58,58) (S 11,58,58) (S 11,60,62) (S 11,66,52) (D 11,54,1)
0 1 7 304 1033 30 (D 0,1,1) (S 11,45,45) (S 11,45,46) (S 11,47,47) (S 11,49,49) (S 11,49,49) (S 11,51,51) (S 11,21,21) (S 11,19,19) (S 11,18,18) (S 11,15,18) (S 11,19,50) (S 11,49,49) (S 11,50,49) (D 11,51,1)
0 1 8 301 1159 22 (D 0,1,1) (S 11,43,43) (S 11,44,46) (S 11,47,47) (S 11,48,48) (S 11,47,47) (S 11,49,50) (S 11,50,52) (S 11,52,54) (S 11,54,56) (D 11,55,1)
0 1 9 304 1012 22 (D 0,1,1) (S 11,62,62) (S 11,63,63) (S 11,65,65) (S 11,65,65) (S 11,63,63) (S 11,62,62) (S 11,66,66) (S 11,68,68) (S 11,66,63) (D 11,63,1)
0 1 10 305 1393 26 (D 0,1,1) (S 11,61,61) (S 11,60,61) (S 11,61,56) (S 11,55,55) (S 11,55,43) (S 11,43,57) (S 11,57,41) (S 11,41,41) (S 11,35,35) (S 11,41,39) (S 11,39,27) (D 11,27,1)
0 1 11 304 1190 26 (D 0,1,1) (S 11,48,21) (S 11,22,22) (S 11,22,22) (S 11,75,75) (S 11,23,23) (S 11,75,75) (S 11,22,22) (S 11,21,21) (S 11,19,19) (S 11,20,20) (S 11,19,29) (D 11,29,1)
0 1 12 292 1127 16 (D 0,1,1) (S 11,24,23) (S 11,31,31) (S 11,32,32) (S 11,31,31) (S 11,23,23) (S 11,23,28) (D 11,28,1)
0 1 13 303 1750 18 (D 0,1,1) (S 11,32,32) (S 11,33,33) (S 11,32,32) (S 11,34,34) (S 11,32,34) (S 11,34,36) (S 11,36,74) (D 11,74,1)
0 1 14 195 1526 12 (D 0,1,1) (S 11,32,38) (S 11,38,72) (S 11,72,73) (S 11,73,70) (D 11,70,1)


Quantidade de vértices: 77
Quantidade de arestas: 0
Quantidade de arcos: 196
Quantidade de vertices requisitados: 40
Quantidade de arestas requisitadas: 0
Quantidade de arcos requisitados: 102
Densidade do grafo: 0.0334928
Caminho médio: 181.936
Diâmetro: 446
Componentes conectados: 1
Grau mínimo: 2
Grau máximo: 9
Intermediação do vértice 1: 0
Intermediação do vértice 2: 298
Intermediação do vértice 3: 0
Intermediação do vértice 4: 594
Intermediação do vértice 5: 362
Intermediação do vértice 6: 0
Intermediação do vértice 7: 328
Intermediação do vértice 8: 402
Intermediação do vértice 9: 524
Intermediação do vértice 10: 642
Intermediação do vértice 11: 1212
Intermediação do vértice 12: 800
Intermediação do vértice 13: 80
Intermediação do vértice 14: 32
Intermediação do vértice 15: 270
Intermediação do vértice 16: 126
Intermediação do vértice 17: 0
Intermediação do vértice 18: 934
Intermediação do vértice 19: 1064
Intermediação do vértice 20: 650
Intermediação do vértice 21: 1426
Intermediação do vértice 22: 1316
Intermediação do vértice 23: 606
Intermediação do vértice 24: 572
Intermediação do vértice 25: 466
Intermediação do vértice 26: 346
Intermediação do vértice 27: 0
Intermediação do vértice 28: 30
Intermediação do vértice 29: 0
Intermediação do vértice 30: 0
Intermediação do vértice 31: 562
Intermediação do vértice 32: 474
Intermediação do vértice 33: 194
Intermediação do vértice 34: 0
Intermediação do vértice 35: 202
Intermediação do vértice 36: 0
Intermediação do vértice 37: 262
Intermediação do vértice 38: 0
Intermediação do vértice 39: 376
Intermediação do vértice 40: 454
Intermediação do vértice 41: 816
Intermediação do vértice 42: 1142
Intermediação do vértice 43: 718
Intermediação do vértice 44: 1524
Intermediação do vértice 45: 0
Intermediação do vértice 46: 1380
Intermediação do vértice 47: 1780
Intermediação do vértice 48: 322
Intermediação do vértice 49: 1718
Intermediação do vértice 50: 868
Intermediação do vértice 51: 1052
Intermediação do vértice 52: 330
Intermediação do vértice 53: 134
Intermediação do vértice 54: 0
Intermediação do vértice 55: 0
Intermediação do vértice 56: 412
Intermediação do vértice 57: 296
Intermediação do vértice 58: 1300
Intermediação do vértice 59: 1352
Intermediação do vértice 60: 944
Intermediação do vértice 61: 0
Intermediação do vértice 62: 722
Intermediação do vértice 63: 298
Intermediação do vértice 64: 0
Intermediação do vértice 65: 0
Intermediação do vértice 66: 150
Intermediação do vértice 67: 344
Intermediação do vértice 68: 0
Intermediação do vértice 69: 550
Intermediação do vértice 70: 0
Intermediação do vértice 71: 150
Intermediação do vértice 72: 576
Intermediação do vértice 73: 150
Intermediação do vértice 74: 0
Intermediação do vértice 75: 576
Intermediação do vértice 76: 782
Intermediação do vértice 77: 188
