Solucao inicial construida. Custo: 445. Iniciando refinamento...
408
6
6733852
2373624
0 1 1 4 76 6 (D 1,1,1) (S 12,1,2) (S 3,2,9) (S 1,2,3) (S 17,3,4) (D 1,1,1)
0 1 2 5 90 7 (D 1,1,1) (S 13,1,4) (S 23,4,4) (S 26,2,2) (S 10,9,10) (S 11,10,11) (D 1,1,1)
0 1 3 4 75 6 (D 1,1,1) (S 14,1,7) (S 7,7,8) (S 9,8,11) (S 4,5,6) (D 1,1,1)
0 1 4 3 55 5 (D 1,1,1) (S 15,1,10) (S 25,10,10) (S 8,7,12) (D 1,1,1)
0 1 5 4 26 6 (D 1,1,1) (S 16,1,12) (S 20,12,6) (S 29,7,7) (S 28,12,12) (D 1,1,1)
0 1 6 4 86 6 (D 1,1,1) (S 18,5,3) (S 24,3,3) (S 22,9,11) (S 27,11,11) (D 1,1,1)
