Solucao inicial construida. Custo: 15778. Iniciando refinamento...
[LS] Melhora encontrada com 2-Opt na rota 6!
[LS] Melhora encontrada com 2-Opt na rota 6!
[LS] Melhora encontrada com 2-Opt na rota 7!
[LS] Melhora encontrada com 2-Opt na rota 12!
[LS] Melhora encontrada com 2-Opt na rota 12!
15565
14
87120898
78931947
0 1 1 304 1118 12 (D 1,1,1) (S 1,1,2) (S 2,2,3) (S 2,3,2) (S 3,2,4) (S 4,4,5) (S 4,5,4) (S 47,4,69) (S 45,69,58) (S 33,56,55) (S 31,50,52) (D 1,1,1)
0 1 2 305 1097 14 (D 1,1,1) (S 1,1,2) (S 3,2,4) (S 47,4,69) (S 46,69,59) (S 36,59,58) (S 35,58,57) (S 34,57,42) (S 34,42,57) (S 128,57,57) (S 22,41,35) (S 33,56,55) (S 31,50,52) (D 1,1,1)
0 1 3 304 856 15 (D 1,1,1) (S 112,6,6) (S 5,9,10) (S 107,10,10) (S 6,11,12) (S 7,12,16) (S 8,16,13) (S 9,13,14) (S 9,14,13) (S 8,13,16) (S 7,16,12) (S 6,12,11) (S 119,11,11) (S 5,10,9) (D 1,1,1)
0 1 4 304 1138 14 (D 1,1,1) (S 45,69,58) (S 38,58,60) (S 39,60,61) (S 39,61,60) (S 40,60,62) (S 41,62,63) (S 42,63,65) (S 42,65,63) (S 41,63,62) (S 43,62,66) (S 43,66,62) (S 32,52,54) (D 1,1,1)
0 1 5 305 1033 9 (D 1,1,1) (S 46,69,59) (S 37,59,11) (S 37,11,59) (S 51,59,44) (S 23,44,43) (S 22,41,35) (S 122,39,39) (D 1,1,1)
0 1 6 304 966 12 (D 1,1,1) (S 138,69,69) (S 36,59,58) (S 35,58,57) (S 23,43,44) (S 24,44,45) (S 24,45,44) (S 25,44,46) (S 26,46,47) (S 50,51,21) (S 50,21,51) (D 1,1,1)
0 1 7 300 880 19 (D 1,1,1) (S 51,59,44) (S 25,44,46) (S 26,46,47) (S 27,47,48) (S 27,48,47) (S 28,47,49) (S 29,49,50) (S 111,50,50) (S 29,50,49) (S 30,49,51) (S 14,21,19) (S 32,52,54) (S 103,54,54) (S 115,52,52) (S 30,51,49) (S 139,49,49) (S 28,49,47) (D 1,1,1)
0 1 8 302 954 11 (D 1,1,1) (S 136,59,59) (S 38,58,60) (S 40,60,62) (S 44,66,68) (S 133,68,68) (S 44,68,66) (S 116,63,63) (S 140,65,65) (S 126,58,58) (D 1,1,1)
0 1 9 298 1228 12 (D 1,1,1) (S 108,45,45) (S 109,48,48) (S 15,21,22) (S 16,22,75) (S 48,75,23) (S 17,23,31) (S 18,31,32) (S 19,32,33) (S 19,33,32) (S 117,34,34) (D 1,1,1)
0 1 10 298 1030 11 (D 1,1,1) (S 132,12,12) (S 49,76,20) (S 13,20,19) (S 12,19,18) (S 11,18,15) (S 10,15,17) (S 10,17,15) (S 11,15,18) (S 12,18,19) (D 1,1,1)
0 1 11 303 1320 13 (D 1,1,1) (S 49,76,20) (S 13,20,19) (S 14,19,21) (S 15,21,22) (S 16,22,75) (S 48,75,23) (S 17,23,31) (S 18,31,32) (S 20,32,34) (S 121,27,27) (S 127,28,28) (D 1,1,1)
0 1 12 305 1306 9 (D 1,1,1) (S 113,61,61) (S 110,55,55) (S 125,41,41) (S 21,35,32) (S 20,32,34) (S 120,38,38) (S 130,43,43) (D 1,1,1)
0 1 13 290 1091 11 (D 1,1,1) (S 123,22,22) (S 129,24,24) (S 131,29,29) (S 104,23,23) (S 142,19,19) (S 134,15,15) (S 106,14,14) (S 118,13,13) (S 141,16,16) (D 1,1,1)
0 1 14 215 1548 8 (D 1,1,1) (S 21,35,32) (S 124,36,36) (S 114,72,72) (S 137,73,73) (S 135,74,74) (S 105,70,70) (D 1,1,1)
