Solucao inicial construida. Custo: 553. Iniciando refinamento...
431
6
4596103
1496576
0 1 1 5 133 7 (D 1,1,1) (S 1,1,2) (S 6,2,3) (S 9,3,4) (S 2,4,1) (S 3,1,7) (D 1,1,1)
0 1 2 5 55 7 (D 1,1,1) (S 4,1,10) (S 20,10,8) (S 18,8,7) (S 16,7,6) (S 13,6,5) (D 1,1,1)
0 1 3 5 0 7 (D 1,1,1) (S 5,1,12) (S 15,12,5) (S 10,5,3) (S 11,3,11) (S 12,11,4) (D 1,1,1)
0 1 4 5 88 7 (D 1,1,1) (S 4,1,10) (S 21,10,9) (S 8,9,2) (S 7,2,4) (S 14,11,5) (D 1,1,1)
0 1 5 5 52 7 (D 1,1,1) (S 29,2,2) (S 22,11,12) (S 17,12,6) (S 28,6,6) (S 19,12,7) (D 1,1,1)
0 1 6 4 103 6 (D 1,1,1) (S 20,10,8) (S 21,10,9) (S 26,11,11) (S 27,3,3) (D 1,1,1)
