Solucao inicial construida. Custo: 478. Iniciando refinamento...
274
9
5901759
3095642
0 1 1 5 10 4 (D 1,1,1) (S 14,2,7) (S 2,3,1) (D 1,1,1)
0 1 2 18 39 5 (D 1,1,1) (S 13,5,2) (S 5,1,6) (S 35,6,7) (D 1,1,1)
0 1 3 17 34 6 (D 1,1,1) (S 8,1,9) (S 9,1,10) (S 22,10,3) (S 18,3,4) (D 1,1,1)
0 1 4 14 34 5 (D 1,1,1) (S 20,7,3) (S 25,4,6) (S 37,6,9) (D 1,1,1)
0 1 5 14 31 5 (D 1,1,1) (S 32,8,5) (S 31,5,7) (S 39,7,9) (D 1,1,1)
0 1 6 18 46 5 (D 1,1,1) (S 36,8,6) (S 48,6,6) (S 23,3,11) (D 1,1,1)
0 1 7 4 7 3 (D 1,1,1) (S 45,5,5) (D 1,1,1)
0 1 8 24 38 6 (D 1,1,1) (S 47,8,8) (S 41,7,11) (S 30,11,4) (S 46,9,9) (D 1,1,1)
0 1 9 20 35 5 (D 1,1,1) (S 50,10,10) (S 49,11,11) (S 34,11,5) (D 1,1,1)
