Solucao inicial construida. Custo: 1454. Iniciando refinamento...
[LS] Melhora encontrada com 2-Opt na rota 3!
1250
5
84984858
80443848
0 1 1 93 170 15 (D 1,1,1) (S 38,1,2) (S 46,2,3) (S 49,3,4) (S 52,4,5) (S 54,5,39) (S 25,29,36) (S 99,26,26) (S 19,26,33) (S 32,33,34) (S 22,27,34) (S 33,34,35) (S 44,35,1) (S 97,40,40) (D 1,1,1)
0 1 2 159 263 27 (D 1,1,1) (S 39,1,6) (S 47,6,2) (S 48,2,36) (S 35,36,37) (S 106,30,30) (S 29,31,37) (S 36,37,38) (S 37,38,39) (S 54,39,5) (S 52,5,4) (S 53,4,38) (S 53,38,4) (S 49,4,3) (S 50,3,7) (S 55,7,6) (S 56,6,12) (S 1,12,17) (S 8,17,20) (S 11,20,21) (S 13,21,22) (S 3,13,18) (S 9,18,19) (S 57,13,7) (S 50,7,3) (S 102,33,33) (D 1,1,1)
0 1 3 200 335 26 (D 1,1,1) (S 40,1,8) (S 58,8,9) (S 61,9,10) (S 41,10,1) (S 42,1,11) (S 64,11,12) (S 66,12,13) (S 4,13,19) (S 57,13,7) (S 55,7,6) (S 39,6,1) (S 43,1,33) (S 43,33,1) (S 45,1,40) (S 60,40,8) (S 59,8,14) (S 5,14,15) (S 6,15,16) (S 63,16,10) (S 41,10,1) (S 38,1,2) (S 46,2,3) (S 51,3,37) (S 100,32,32) (D 1,1,1)
0 1 4 200 321 25 (D 1,1,1) (S 40,1,8) (S 58,8,9) (S 62,9,15) (S 62,15,9) (S 61,9,10) (S 63,10,16) (S 65,16,11) (S 42,11,1) (S 44,1,35) (S 45,1,40) (S 60,40,8) (S 59,8,14) (S 110,14,14) (S 65,16,11) (S 64,11,12) (S 56,12,6) (S 47,6,2) (S 48,2,36) (S 101,38,38) (S 51,37,3) (S 103,4,4) (S 15,22,25) (S 66,13,12) (D 1,1,1)
0 1 5 88 161 11 (D 1,1,1) (S 96,8,8) (S 108,34,34) (S 104,17,17) (S 12,20,23) (S 16,23,24) (S 107,24,24) (S 105,25,25) (S 98,13,13) (S 109,5,5) (D 1,1,1)
