Solucao inicial construida. Custo: 3186. Iniciando refinamento...
[LS] Melhora encontrada com 2-Opt na rota 1!
[LS] Melhora encontrada com 2-Opt na rota 3!
[LS] Melhora encontrada com 2-Opt na rota 12!
[LS] Melhora encontrada com 2-Opt na rota 22!
3145
24
120970316
113079992
0 1 1 75 133 11 (D 1,1,1) (S 1,1,2) (S 4,2,3) (S 6,3,4) (S 8,4,10) (S 19,10,9) (S 17,8,9) (S 7,9,3) (S 4,3,2) (S 5,2,7) (D 1,1,1)
0 1 2 75 126 12 (D 1,1,1) (S 2,1,5) (S 9,5,6) (S 3,6,1) (S 1,1,2) (S 5,2,7) (S 12,7,6) (S 13,6,12) (S 23,12,11) (S 207,19,19) (S 10,11,5) (D 1,1,1)
0 1 3 75 124 12 (D 1,1,1) (S 2,1,5) (S 11,5,18) (S 36,18,19) (S 24,19,11) (S 10,11,5) (S 9,5,6) (S 14,6,13) (S 16,13,7) (S 15,7,8) (S 25,13,12) (D 1,1,1)
0 1 4 75 132 14 (D 1,1,1) (S 3,1,6) (S 12,6,7) (S 15,7,8) (S 18,8,14) (S 219,43,43) (S 27,14,13) (S 28,13,21) (S 41,21,20) (S 26,20,12) (S 13,12,6) (S 14,6,13) (S 16,13,7) (D 1,1,1)
0 1 5 74 113 11 (D 1,1,1) (S 208,6,6) (S 23,12,11) (S 24,11,19) (S 39,19,20) (S 42,20,30) (S 53,30,26) (S 37,26,18) (S 38,18,29) (S 52,29,26) (D 1,1,1)
0 1 6 74 115 14 (D 1,1,1) (S 25,12,13) (S 27,13,14) (S 29,14,15) (S 20,15,9) (S 21,9,16) (S 215,16,16) (S 31,16,15) (S 32,15,23) (S 45,23,22) (S 30,22,14) (S 18,14,8) (S 17,8,9) (D 1,1,1)
0 1 7 74 126 12 (D 1,1,1) (S 26,12,20) (S 39,20,19) (S 40,19,26) (S 54,26,34) (S 63,34,30) (S 55,30,27) (S 44,27,21) (S 43,21,22) (S 46,22,31) (S 64,31,32) (D 1,1,1)
0 1 8 75 135 13 (D 1,1,1) (S 210,12,12) (S 28,13,21) (S 41,21,20) (S 42,20,30) (S 195,46,46) (S 53,30,26) (S 37,26,18) (S 198,11,11) (S 36,19,18) (S 11,18,5) (S 214,5,5) (D 1,1,1)
0 1 9 75 142 13 (D 1,1,1) (S 218,20,20) (S 40,19,26) (S 52,26,29) (S 61,29,33) (S 68,33,34) (S 72,34,35) (S 57,35,27) (S 56,27,31) (S 48,31,23) (S 47,23,24) (S 59,28,32) (D 1,1,1)
0 1 10 75 142 12 (D 1,1,1) (S 29,14,15) (S 20,15,9) (S 7,9,3) (S 6,3,4) (S 8,4,10) (S 22,10,17) (S 33,17,16) (S 34,16,24) (S 49,24,25) (S 35,25,17) (D 1,1,1)
0 1 11 74 134 12 (D 1,1,1) (S 30,14,22) (S 43,22,21) (S 44,21,27) (S 58,27,36) (S 74,36,35) (S 75,35,41) (S 82,41,40) (S 70,40,33) (S 69,33,39) (S 62,39,29) (D 1,1,1)
0 1 12 75 139 12 (D 1,1,1) (S 212,14,14) (S 31,15,16) (S 21,16,9) (S 19,9,10) (S 22,10,17) (S 33,17,16) (S 34,16,24) (S 50,24,32) (S 59,32,28) (S 228,37,37) (D 1,1,1)
0 1 13 74 138 12 (D 1,1,1) (S 32,15,23) (S 45,23,22) (S 46,22,31) (S 65,31,37) (S 66,37,32) (S 67,32,38) (S 60,38,28) (S 51,28,25) (S 49,25,24) (S 35,25,17) (D 1,1,1)
0 1 14 73 127 11 (D 1,1,1) (S 38,18,29) (S 61,29,33) (S 71,33,46) (S 94,46,47) (S 83,47,40) (S 73,40,34) (S 54,34,26) (S 197,26,26) (S 55,30,27) (D 1,1,1)
0 1 15 75 141 11 (D 1,1,1) (S 47,23,24) (S 50,24,32) (S 64,32,31) (S 48,31,23) (S 220,23,23) (S 221,22,22) (S 56,31,27) (S 57,27,35) (S 85,41,48) (D 1,1,1)
0 1 16 75 151 10 (D 1,1,1) (S 196,8,8) (S 201,9,9) (S 206,3,3) (S 202,10,10) (S 229,17,17) (S 51,25,28) (S 60,28,38) (S 88,42,44) (D 1,1,1)
0 1 17 74 128 12 (D 1,1,1) (S 216,18,18) (S 63,30,34) (S 68,34,33) (S 69,33,39) (S 62,39,29) (S 213,30,30) (S 72,34,35) (S 74,35,36) (S 76,36,37) (S 79,37,43) (D 1,1,1)
0 1 18 73 136 12 (D 1,1,1) (S 73,34,40) (S 70,40,33) (S 71,33,46) (S 94,46,47) (S 95,47,48) (S 96,48,49) (S 86,49,41) (S 84,41,42) (S 77,42,36) (S 58,36,27) (D 1,1,1)
0 1 19 75 141 13 (D 1,1,1) (S 65,31,37) (S 78,37,38) (S 80,38,43) (S 87,43,42) (S 77,42,36) (S 76,36,37) (S 66,37,32) (S 67,32,38) (S 81,38,45) (S 89,45,43) (S 89,43,45) (D 1,1,1)
0 1 20 75 144 15 (D 1,1,1) (S 82,40,41) (S 75,41,35) (S 226,35,35) (S 83,40,47) (S 95,47,48) (S 85,48,41) (S 84,41,42) (S 88,42,44) (S 87,42,43) (S 90,43,50) (S 92,50,44) (S 91,44,49) (S 86,49,41) (D 1,1,1)
0 1 21 74 140 11 (D 1,1,1) (S 200,27,27) (S 222,31,31) (S 78,37,38) (S 80,38,43) (S 90,43,50) (S 93,50,45) (S 81,45,38) (S 227,38,38) (S 79,43,37) (D 1,1,1)
0 1 22 75 151 10 (D 1,1,1) (S 209,24,24) (S 223,28,28) (S 225,32,32) (S 217,36,36) (S 224,42,42) (S 91,44,49) (S 97,49,50) (S 205,39,39) (D 1,1,1)
0 1 23 72 141 9 (D 1,1,1) (S 199,33,33) (S 96,48,49) (S 204,49,49) (S 97,49,50) (S 92,50,44) (S 203,44,44) (S 93,50,45) (D 1,1,1)
0 1 24 14 46 3 (D 1,1,1) (S 211,48,48) (D 1,1,1)
