Solucao inicial construida. Custo: 1631. Iniciando refinamento...
[LS] Melhora encontrada com 2-Opt na rota 2!
[LS] Melhora encontrada com 2-Opt na rota 4!
[LS] Melhora encontrada com 2-Opt na rota 10!
1096
12
32189817
25602485
0 1 1 38 81 6 (D 1,1,1) (S 1,1,2) (S 4,2,3) (S 6,3,4) (S 8,4,10) (D 1,1,1)
0 1 2 46 80 8 (D 1,1,1) (S 2,1,5) (S 103,5,5) (S 9,5,6) (S 12,6,7) (S 16,7,13) (S 13,6,12) (D 1,1,1)
0 1 3 33 89 7 (D 1,1,1) (S 26,12,20) (S 38,18,29) (S 40,19,26) (S 108,11,11) (S 104,10,10) (D 1,1,1)
0 1 4 47 93 8 (D 1,1,1) (S 110,12,12) (S 27,13,14) (S 113,8,8) (S 20,9,15) (S 30,14,22) (S 52,26,29) (D 1,1,1)
0 1 5 47 86 10 (D 1,1,1) (S 41,20,21) (S 44,21,27) (S 55,27,30) (S 99,30,30) (S 116,26,26) (S 53,26,30) (S 63,30,34) (S 82,40,41) (D 1,1,1)
0 1 6 43 94 8 (D 1,1,1) (S 105,14,14) (S 31,15,16) (S 32,15,23) (S 46,22,31) (S 47,23,24) (S 51,25,28) (D 1,1,1)
0 1 7 39 103 7 (D 1,1,1) (S 33,16,17) (S 35,17,25) (S 50,24,32) (S 60,28,38) (S 115,41,41) (D 1,1,1)
0 1 8 42 101 8 (D 1,1,1) (S 101,16,16) (S 102,22,22) (S 57,27,35) (S 73,34,40) (S 62,29,39) (S 98,39,39) (D 1,1,1)
0 1 9 45 98 8 (D 1,1,1) (S 109,29,29) (S 71,33,46) (S 94,46,47) (S 95,47,48) (S 74,35,36) (S 76,36,37) (D 1,1,1)
0 1 10 47 108 9 (D 1,1,1) (S 111,32,32) (S 65,31,37) (S 78,37,38) (S 80,38,43) (S 89,43,45) (S 77,36,42) (S 86,41,49) (D 1,1,1)
0 1 11 38 94 7 (D 1,1,1) (S 107,31,31) (S 92,44,50) (S 93,45,50) (S 117,38,38) (S 112,43,43) (D 1,1,1)
0 1 12 23 69 5 (D 1,1,1) (S 114,25,25) (S 100,36,36) (S 106,44,44) (D 1,1,1)
