Solucao inicial construida. Custo: 2443. Iniciando refinamento...
[LS] Melhora encontrada com 2-Opt na rota 1!
[LS] Melhora encontrada com 2-Opt na rota 12!
[LS] Melhora encontrada com 2-Opt na rota 16!
2357
18
53481687
47072769
0 1 1 75 133 11 (D 1,1,1) (S 27,1,2) (S 30,2,3) (S 32,3,4) (S 34,4,10) (S 45,10,9) (S 43,8,9) (S 33,9,3) (S 30,3,2) (S 31,2,7) (D 1,1,1)
0 1 2 75 140 12 (D 1,1,1) (S 28,1,5) (S 35,5,6) (S 29,6,1) (S 27,1,2) (S 31,2,7) (S 38,7,6) (S 39,6,12) (S 49,12,11) (S 177,41,41) (S 36,11,5) (D 1,1,1)
0 1 3 75 124 12 (D 1,1,1) (S 28,1,5) (S 37,5,18) (S 62,18,19) (S 50,19,11) (S 36,11,5) (S 35,5,6) (S 40,6,13) (S 42,13,7) (S 41,7,8) (S 51,13,12) (D 1,1,1)
0 1 4 74 113 13 (D 1,1,1) (S 29,1,6) (S 38,6,7) (S 41,7,8) (S 44,8,14) (S 53,14,13) (S 54,13,21) (S 67,21,20) (S 52,20,12) (S 39,12,6) (S 40,6,13) (S 42,13,7) (D 1,1,1)
0 1 5 74 119 13 (D 1,1,1) (S 49,12,11) (S 50,11,19) (S 65,19,20) (S 68,20,30) (S 79,30,26) (S 78,26,29) (S 63,26,18) (S 64,18,29) (S 78,29,26) (S 66,26,19) (S 62,19,18) (D 1,1,1)
0 1 6 75 128 14 (D 1,1,1) (S 51,12,13) (S 53,13,14) (S 55,14,15) (S 46,15,9) (S 47,9,16) (S 57,16,15) (S 58,15,23) (S 71,23,22) (S 56,22,14) (S 44,14,8) (S 43,8,9) (S 79,26,30) (D 1,1,1)
0 1 7 68 118 12 (D 1,1,1) (S 52,12,20) (S 65,20,19) (S 66,19,26) (S 80,26,34) (S 1,34,35) (S 3,35,36) (S 5,36,37) (S 7,37,38) (S 9,38,43) (S 18,43,45) (D 1,1,1)
0 1 8 75 143 11 (D 1,1,1) (S 54,13,21) (S 69,21,22) (S 72,22,31) (S 74,31,23) (S 73,23,24) (S 60,24,16) (S 59,16,17) (S 48,17,10) (S 34,10,4) (D 1,1,1)
0 1 9 71 130 12 (D 1,1,1) (S 67,20,21) (S 70,21,27) (S 81,27,30) (S 89,30,34) (S 2,34,40) (S 11,40,41) (S 83,35,27) (S 82,27,31) (S 90,31,32) (S 76,32,24) (D 1,1,1)
0 1 10 59 118 10 (D 1,1,1) (S 68,20,30) (S 89,30,34) (S 81,30,27) (S 84,27,36) (S 6,36,42) (S 14,41,48) (S 96,40,33) (S 87,33,29) (D 1,1,1)
0 1 11 74 123 10 (D 1,1,1) (S 37,5,18) (S 63,18,26) (S 80,26,34) (S 94,34,33) (S 95,33,39) (S 88,39,29) (S 64,29,18) (S 169,19,19) (D 1,1,1)
0 1 12 75 128 12 (D 1,1,1) (S 55,14,15) (S 46,15,9) (S 33,9,3) (S 32,3,4) (S 174,4,4) (S 45,10,9) (S 47,9,16) (S 57,16,15) (S 58,15,23) (S 71,23,22) (D 1,1,1)
0 1 13 75 142 12 (D 1,1,1) (S 56,14,22) (S 69,22,21) (S 70,21,27) (S 82,27,31) (S 91,31,37) (S 92,37,32) (S 85,32,28) (S 77,28,25) (S 77,25,28) (S 61,25,17) (D 1,1,1)
0 1 14 72 149 11 (D 1,1,1) (S 175,5,5) (S 87,29,33) (S 97,33,46) (S 23,46,47) (S 96,40,33) (S 94,33,34) (S 83,35,27) (S 84,27,36) (S 17,42,44) (D 1,1,1)
0 1 15 75 149 12 (D 1,1,1) (S 178,7,7) (S 73,23,24) (S 75,24,25) (S 61,25,17) (S 48,17,10) (S 176,10,10) (S 59,17,16) (S 60,16,24) (S 75,24,25) (S 85,28,32) (D 1,1,1)
0 1 16 60 130 10 (D 1,1,1) (S 74,23,31) (S 72,31,22) (S 173,23,23) (S 90,31,32) (S 93,32,38) (S 10,38,45) (S 22,45,50) (S 15,41,49) (D 1,1,1)
0 1 17 54 122 8 (D 1,1,1) (S 88,29,39) (S 95,39,33) (S 97,33,46) (S 25,48,49) (S 170,49,49) (S 21,44,50) (D 1,1,1)
0 1 18 71 148 10 (D 1,1,1) (S 91,31,37) (S 92,37,32) (S 76,32,24) (S 171,25,25) (S 86,28,38) (S 86,38,28) (S 93,32,38) (S 172,3,3) (D 1,1,1)
