15851
11
109677176
102409155
0 1 1 0 0 1 (D 1,1,1) (D 1,1,1)
0 1 2 1436 1800 7 (D 1,1,1) (S 28,21,20) (S 10,21,27) (S 34,27,26) (S 61,32,32) (S 13,32,33) (D 1,1,1)
0 1 3 1505 1802 7 (D 1,1,1) (S 55,14,14) (S 25,14,13) (S 9,19,25) (S 59,25,25) (S 57,21,21) (D 1,1,1)
0 1 4 1524 2044 10 (D 1,1,1) (S 21,10,11) (S 53,11,11) (S 6,11,12) (S 54,12,12) (S 23,12,18) (S 8,18,24) (S 33,24,30) (S 11,23,29) (D 1,1,1)
0 1 5 1047 1480 8 (D 1,1,1) (S 58,22,22) (S 30,22,23) (S 30,23,22) (S 31,22,28) (S 35,28,34) (S 39,34,33) (D 1,1,1)
0 1 6 744 970 5 (D 1,1,1) (S 26,16,17) (S 7,17,18) (S 56,18,18) (D 1,1,1)
0 1 7 0 0 1 (D 1,1,1) (D 1,1,1)
0 1 8 1676 2027 8 (D 1,1,1) (S 38,33,39) (S 44,39,38) (S 43,38,37) (S 60,31,31) (S 12,31,32) (S 44,38,39) (D 1,1,1)
0 1 9 1534 2063 8 (D 1,1,1) (S 52,8,8) (S 18,5,6) (S 18,5,6) (S 50,4,4) (S 49,3,3) (S 3,3,9) (D 1,1,1)
0 1 10 1495 2179 8 (D 1,1,1) (S 38,33,39) (S 15,39,40) (S 62,40,40) (S 20,10,9) (S 51,7,7) (S 48,1,1) (D 1,1,1)
0 1 11 962 1486 6 (D 1,1,1) (S 41,35,41) (S 63,41,41) (S 47,41,42) (S 40,35,29) (D 1,1,1)
