774
9
185127635
150908943
0 1 1 19 50 5 (D 1,1,1) (S 34,8,13) (S 27,4,7) (S 57,7,7) (D 1,1,1)
0 1 2 64 71 8 (D 1,1,1) (S 14,1,2) (S 30,2,9) (S 59,9,9) (S 19,9,15) (S 64,15,15) (S 30,9,2) (D 1,1,1)
0 1 3 42 80 8 (D 1,1,1) (S 18,1,5) (S 55,5,5) (S 56,6,6) (S 27,4,7) (S 52,7,12) (S 62,12,12) (D 1,1,1)
0 1 4 65 113 11 (D 1,1,1) (S 58,8,8) (S 24,8,14) (S 24,14,8) (S 34,8,13) (S 16,11,20) (S 2,22,25) (S 70,25,25) (S 37,25,30) (S 75,30,30) (D 1,1,1)
0 1 5 65 125 11 (D 1,1,1) (S 50,2,3) (S 54,3,3) (S 4,3,10) (S 60,10,10) (S 7,10,19) (S 37,25,30) (S 71,26,26) (S 28,16,11) (S 61,11,11) (D 1,1,1)
0 1 6 53 86 8 (D 1,1,1) (S 8,8,9) (S 19,9,15) (S 49,14,17) (S 66,17,17) (S 40,14,13) (S 63,13,13) (D 1,1,1)
0 1 7 0 0 1 (D 1,1,1) (D 1,1,1)
0 1 8 64 116 10 (D 1,1,1) (S 65,16,16) (S 17,16,21) (S 33,21,29) (S 74,29,29) (S 33,29,21) (S 9,21,28) (S 73,28,28) (S 12,24,27) (D 1,1,1)
0 1 9 64 133 13 (D 1,1,1) (S 1,17,22) (S 69,22,22) (S 22,22,29) (S 22,22,29) (S 48,20,21) (S 68,21,21) (S 51,21,24) (S 5,20,27) (S 72,27,27) (S 67,20,20) (S 28,11,16) (D 1,1,1)
