781
9
202007755
142616261
0 1 1 53 79 9 (D 1,1,1) (S 2,1,8) (S 25,8,13) (S 4,11,20) (S 45,20,16) (S 71,16,16) (S 34,11,12) (S 1,12,13) (D 1,1,1)
0 1 2 36 55 8 (D 1,1,1) (S 20,1,2) (S 35,2,3) (S 35,3,2) (S 29,9,10) (S 12,10,19) (S 22,15,9) (D 1,1,1)
0 1 3 36 43 5 (D 1,1,1) (S 6,1,5) (S 8,5,8) (S 67,8,8) (D 1,1,1)
0 1 4 16 37 5 (D 1,1,1) (S 63,2,2) (S 29,9,10) (S 69,10,10) (D 1,1,1)
0 1 5 62 93 9 (D 1,1,1) (S 31,8,14) (S 14,14,15) (S 17,15,19) (S 40,17,14) (S 40,14,17) (S 38,18,15) (S 68,9,9) (D 1,1,1)
0 1 6 64 105 11 (D 1,1,1) (S 28,13,16) (S 13,16,17) (S 72,17,17) (S 15,17,22) (S 75,22,22) (S 47,22,21) (S 23,21,29) (S 60,30,25) (S 60,25,30) (D 1,1,1)
0 1 7 63 124 11 (D 1,1,1) (S 66,7,7) (S 64,4,4) (S 19,4,6) (S 65,6,6) (S 18,7,8) (S 28,13,16) (S 3,16,21) (S 39,22,29) (S 24,23,22) (D 1,1,1)
0 1 8 65 127 12 (D 1,1,1) (S 34,12,11) (S 70,11,11) (S 73,20,20) (S 5,20,24) (S 7,24,27) (S 16,27,28) (S 39,22,29) (S 41,29,30) (S 78,30,30) (S 41,30,29) (D 1,1,1)
0 1 9 63 118 11 (D 1,1,1) (S 25,8,13) (S 31,8,14) (S 47,22,21) (S 11,21,28) (S 77,28,28) (S 74,21,21) (S 23,21,29) (S 76,26,26) (S 42,26,23) (D 1,1,1)
