326
10
53448186
22554497
0 1 1 0 0 1 (D 1,1,1) (D 1,1,1)
0 1 2 21 34 7 (D 1,1,1) (S 26,2,2) (S 32,12,12) (S 21,4,10) (S 23,10,11) (S 10,12,19) (D 1,1,1)
0 1 3 26 39 6 (D 1,1,1) (S 27,3,3) (S 14,3,6) (S 15,6,8) (S 22,8,24) (D 1,1,1)
0 1 4 24 39 5 (D 1,1,1) (S 28,4,4) (S 29,5,5) (S 16,5,9) (D 1,1,1)
0 1 5 22 45 8 (D 1,1,1) (S 4,1,17) (S 33,13,13) (S 2,14,21) (S 6,21,22) (S 38,22,22) (S 39,23,23) (D 1,1,1)
0 1 6 20 47 5 (D 1,1,1) (S 24,14,20) (S 36,20,20) (S 35,15,15) (D 1,1,1)
0 1 7 0 0 1 (D 1,1,1) (D 1,1,1)
0 1 8 21 37 5 (D 1,1,1) (S 40,24,24) (S 31,8,8) (S 41,27,27) (D 1,1,1)
0 1 9 18 32 3 (D 1,1,1) (S 30,6,6) (D 1,1,1)
0 1 10 23 53 5 (D 1,1,1) (S 34,14,14) (S 37,21,21) (S 25,25,26) (D 1,1,1)
