569
8
93217393
55736615
0 1 1 40 62 9 (D 1,1,1) (S 9,1,2) (S 6,2,4) (S 5,4,5) (S 14,5,11) (S 8,11,15) (S 21,15,16) (S 21,16,15) (D 1,1,1)
0 1 2 14 14 5 (D 1,1,1) (S 17,1,3) (S 37,3,3) (S 17,3,1) (D 1,1,1)
0 1 3 21 34 5 (D 1,1,1) (S 12,3,9) (S 16,9,19) (S 16,19,9) (D 1,1,1)
0 1 4 35 78 8 (D 1,1,1) (S 23,10,20) (S 1,20,21) (S 20,21,24) (S 20,24,21) (S 42,15,15) (S 40,11,11) (D 1,1,1)
0 1 5 40 96 8 (D 1,1,1) (S 23,10,20) (S 46,20,20) (S 15,23,24) (S 48,24,24) (S 22,23,22) (S 47,22,22) (D 1,1,1)
0 1 6 34 78 4 (D 1,1,1) (S 45,19,19) (S 3,9,10) (D 1,1,1)
0 1 7 37 88 8 (D 1,1,1) (S 14,5,11) (S 13,16,12) (S 2,12,13) (S 11,13,17) (S 11,17,13) (S 41,12,12) (D 1,1,1)
0 1 8 38 119 9 (D 1,1,1) (S 12,3,9) (S 29,10,11) (S 43,17,17) (S 44,18,18) (S 18,8,7) (S 39,7,7) (S 38,6,6) (D 1,1,1)
