670
9
136323505
87943582
0 1 1 65 79 11 (D 1,1,1) (S 23,1,8) (S 40,8,9) (S 40,9,8) (S 7,8,14) (S 63,14,14) (S 28,15,16) (S 36,16,10) (S 60,10,10) (S 39,10,9) (D 1,1,1)
0 1 2 56 63 10 (D 1,1,1) (S 21,2,6) (S 62,12,12) (S 31,12,11) (S 61,11,11) (S 30,1,40) (S 30,40,1) (S 37,1,2) (S 37,2,1) (D 1,1,1)
0 1 3 47 62 11 (D 1,1,1) (S 15,1,6) (S 57,6,6) (S 21,6,2) (S 11,2,36) (S 38,37,3) (S 54,3,3) (S 34,3,4) (S 55,4,4) (S 58,7,7) (D 1,1,1)
0 1 4 59 85 9 (D 1,1,1) (S 59,8,8) (S 39,9,10) (S 22,35,34) (S 22,34,35) (S 77,35,35) (S 5,35,36) (S 78,36,36) (D 1,1,1)
0 1 5 33 49 5 (D 1,1,1) (S 2,26,27) (S 4,27,34) (S 76,33,33) (D 1,1,1)
0 1 6 28 48 8 (D 1,1,1) (S 79,37,37) (S 80,38,38) (S 33,38,39) (S 33,39,38) (S 20,37,30) (S 9,29,36) (D 1,1,1)
0 1 7 37 92 10 (D 1,1,1) (S 65,16,16) (S 64,15,15) (S 31,11,12) (S 69,21,21) (S 68,20,20) (S 71,24,24) (S 70,22,22) (S 24,18,13) (D 1,1,1)
0 1 8 55 79 7 (D 1,1,1) (S 8,13,19) (S 24,18,13) (S 67,18,18) (S 18,18,17) (S 66,17,17) (D 1,1,1)
0 1 9 48 113 8 (D 1,1,1) (S 72,27,27) (S 73,28,28) (S 17,39,5) (S 56,5,5) (S 75,32,32) (S 74,31,31) (D 1,1,1)
