10043
6
25991723
22476279
0 1 1 1885 2004 10 (D 1,1,1) (S 19,10,16) (S 21,16,11) (S 21,11,16) (S 40,16,16) (S 6,16,21) (S 9,21,22) (S 33,22,16) (S 19,16,10) (D 1,1,1)
0 1 2 1287 1433 6 (D 1,1,1) (S 11,2,6) (S 3,6,12) (S 20,11,10) (S 39,10,10) (D 1,1,1)
0 1 3 957 1213 5 (D 1,1,1) (S 2,3,9) (S 4,9,15) (S 38,7,7) (D 1,1,1)
0 1 4 1105 1754 9 (D 1,1,1) (S 12,3,4) (S 36,4,4) (S 12,4,3) (S 14,4,5) (S 37,5,5) (S 24,14,18) (S 24,18,14) (D 1,1,1)
0 1 5 1095 1427 4 (D 1,1,1) (S 10,22,23) (S 8,20,21) (D 1,1,1)
0 1 6 1846 2212 7 (D 1,1,1) (S 22,12,13) (S 7,17,18) (S 41,18,18) (S 42,19,19) (S 35,25,24) (D 1,1,1)
