379
10
56161932
26970447
0 1 1 7 8 3 (D 1,1,1) (S 2,1,19) (D 1,1,1)
0 1 2 20 31 4 (D 1,1,1) (S 9,1,17) (S 34,15,15) (D 1,1,1)
0 1 3 0 0 1 (D 1,1,1) (D 1,1,1)
0 1 4 24 52 7 (D 1,1,1) (S 28,2,2) (S 31,12,12) (S 32,13,13) (S 10,15,20) (S 3,20,21) (D 1,1,1)
0 1 5 25 60 9 (D 1,1,1) (S 39,24,24) (S 38,23,23) (S 26,22,25) (S 40,25,25) (S 37,21,21) (S 5,14,16) (S 35,16,16) (D 1,1,1)
0 1 6 12 23 5 (D 1,1,1) (S 18,1,3) (S 7,3,6) (S 30,6,6) (D 1,1,1)
0 1 7 26 51 6 (D 1,1,1) (S 14,3,4) (S 21,4,6) (S 6,6,10) (S 25,10,11) (D 1,1,1)
0 1 8 19 43 3 (D 1,1,1) (S 33,14,14) (D 1,1,1)
0 1 9 22 62 6 (D 1,1,1) (S 4,3,8) (S 1,7,11) (S 29,4,4) (S 17,5,9) (D 1,1,1)
0 1 10 26 49 5 (D 1,1,1) (S 15,1,27) (S 36,18,18) (S 23,21,23) (D 1,1,1)
