565
10
114684331
80279899
0 1 1 36 38 6 (D 1,1,1) (S 15,1,2) (S 37,2,2) (S 18,2,3) (S 38,3,3) (D 1,1,1)
0 1 2 0 0 1 (D 1,1,1) (D 1,1,1)
0 1 3 50 73 7 (D 1,1,1) (S 56,29,29) (S 53,23,23) (S 54,26,26) (S 31,29,28) (S 55,28,28) (D 1,1,1)
0 1 4 15 32 7 (D 1,1,1) (S 22,10,14) (S 17,14,15) (S 17,15,14) (S 22,14,10) (S 43,10,10) (D 1,1,1)
0 1 5 50 85 13 (D 1,1,1) (S 23,31,5) (S 23,5,31) (S 58,31,31) (S 40,5,5) (S 34,5,6) (S 41,6,6) (S 45,12,12) (S 13,18,19) (S 19,19,22) (S 52,21,21) (S 16,4,9) (D 1,1,1)
0 1 6 17 25 3 (D 1,1,1) (S 57,30,30) (D 1,1,1)
0 1 7 48 79 10 (D 1,1,1) (S 14,10,16) (S 47,16,16) (S 48,17,17) (S 44,11,11) (S 27,12,18) (S 49,18,18) (S 13,18,19) (S 16,4,9) (D 1,1,1)
0 1 8 49 80 6 (D 1,1,1) (S 15,1,2) (S 39,4,4) (S 46,13,13) (S 50,19,19) (D 1,1,1)
0 1 9 36 62 4 (D 1,1,1) (S 42,7,7) (S 1,8,12) (D 1,1,1)
0 1 10 46 91 7 (D 1,1,1) (S 18,2,3) (S 5,3,9) (S 2,9,13) (S 8,21,22) (S 51,20,20) (D 1,1,1)
