2259
18
569661213
562833344
0 1 1 61 105 8 (D 1,1,1) (S 27,1,2) (S 27,2,1) (S 29,1,6) (S 35,6,5) (S 36,5,11) (S 36,11,5) (D 1,1,1)
0 1 2 74 128 11 (D 1,1,1) (S 28,1,5) (S 28,5,1) (S 29,1,6) (S 38,6,7) (S 178,7,7) (S 31,7,2) (S 30,2,3) (S 32,3,4) (S 32,4,3) (D 1,1,1)
0 1 3 74 126 10 (D 1,1,1) (S 35,6,5) (S 175,5,5) (S 37,5,18) (S 64,18,29) (S 88,29,39) (S 95,39,33) (S 87,33,29) (S 63,26,18) (D 1,1,1)
0 1 4 75 119 15 (D 1,1,1) (S 38,6,7) (S 41,7,8) (S 41,8,7) (S 42,7,13) (S 51,13,12) (S 49,12,11) (S 50,11,19) (S 62,19,18) (S 63,18,26) (S 79,26,30) (S 89,30,34) (S 2,34,40) (S 96,40,33) (D 1,1,1)
0 1 5 70 108 12 (D 1,1,1) (S 39,6,12) (S 39,12,6) (S 40,6,13) (S 42,13,7) (S 31,7,2) (S 30,2,3) (S 172,3,3) (S 33,3,9) (S 43,9,8) (S 44,8,14) (D 1,1,1)
0 1 6 70 112 12 (D 1,1,1) (S 40,6,13) (S 54,13,21) (S 54,21,13) (S 53,13,14) (S 53,14,13) (S 51,13,12) (S 52,12,20) (S 68,20,30) (S 89,30,34) (S 80,34,26) (D 1,1,1)
0 1 7 75 137 12 (D 1,1,1) (S 52,12,20) (S 67,20,21) (S 70,21,27) (S 70,27,21) (S 69,21,22) (S 56,22,14) (S 55,14,15) (S 46,15,9) (S 45,9,10) (S 34,10,4) (D 1,1,1)
0 1 8 70 122 11 (D 1,1,1) (S 49,12,11) (S 50,11,19) (S 169,19,19) (S 65,19,20) (S 68,20,30) (S 81,30,27) (S 84,27,36) (S 4,35,41) (S 177,41,41) (D 1,1,1)
0 1 9 65 113 12 (D 1,1,1) (S 65,20,19) (S 66,19,26) (S 78,26,29) (S 64,29,18) (S 62,18,19) (S 66,19,26) (S 79,26,30) (S 81,30,27) (S 82,27,31) (S 90,31,32) (D 1,1,1)
0 1 10 67 110 11 (D 1,1,1) (S 67,20,21) (S 69,21,22) (S 56,22,14) (S 44,14,8) (S 43,8,9) (S 47,9,16) (S 57,16,15) (S 58,15,23) (S 173,23,23) (D 1,1,1)
0 1 11 74 132 12 (D 1,1,1) (S 57,15,16) (S 47,16,9) (S 33,9,3) (S 46,9,15) (S 58,15,23) (S 73,23,24) (S 75,24,25) (S 75,25,24) (S 76,24,32) (S 90,32,31) (D 1,1,1)
0 1 12 67 128 11 (D 1,1,1) (S 80,26,34) (S 1,34,35) (S 83,35,27) (S 83,27,35) (S 94,34,33) (S 94,33,34) (S 96,40,33) (S 95,33,39) (S 88,39,29) (D 1,1,1)
0 1 13 74 134 11 (D 1,1,1) (S 74,23,31) (S 72,31,22) (S 71,22,23) (S 74,23,31) (S 82,31,27) (S 84,27,36) (S 5,36,37) (S 92,37,32) (S 85,32,28) (D 1,1,1)
0 1 14 72 141 11 (D 1,1,1) (S 73,23,24) (S 60,24,16) (S 59,16,17) (S 61,17,25) (S 61,25,17) (S 48,17,10) (S 176,10,10) (S 34,10,4) (S 174,4,4) (D 1,1,1)
0 1 15 71 144 10 (D 1,1,1) (S 59,16,17) (S 48,17,10) (S 45,10,9) (S 60,16,24) (S 76,24,32) (S 93,32,38) (S 86,38,28) (S 77,28,25) (D 1,1,1)
0 1 16 75 135 12 (D 1,1,1) (S 71,23,22) (S 72,22,31) (S 91,31,37) (S 7,37,38) (S 86,38,28) (S 77,28,25) (S 171,25,25) (S 85,28,32) (S 92,32,37) (S 8,37,43) (D 1,1,1)
0 1 17 58 131 11 (D 1,1,1) (S 55,14,15) (S 91,31,37) (S 6,36,42) (S 17,42,44) (S 21,44,50) (S 16,42,43) (S 19,43,50) (S 22,45,50) (S 93,38,32) (D 1,1,1)
0 1 18 67 134 11 (D 1,1,1) (S 37,5,18) (S 78,26,29) (S 87,29,33) (S 97,33,46) (S 97,46,33) (S 12,40,47) (S 11,40,41) (S 15,41,49) (S 170,49,49) (D 1,1,1)
