36161
20
870105322
859746691
0 1 1 0 0 1 (D 1,1,1) (D 1,1,1)
0 1 2 1145 1375 8 (D 1,1,1) (S 118,109,109) (S 123,120,120) (S 51,131,132) (S 131,132,132) (S 125,122,122) (S 108,87,87) (D 1,1,1)
0 1 3 1058 1408 7 (D 1,1,1) (S 114,100,100) (S 38,100,101) (S 115,101,101) (S 116,103,103) (S 129,127,127) (D 1,1,1)
0 1 4 906 1214 7 (D 1,1,1) (S 113,99,99) (S 36,99,98) (S 112,98,98) (S 47,125,124) (S 127,124,124) (D 1,1,1)
0 1 5 1700 1945 7 (D 1,1,1) (S 111,94,94) (S 105,83,83) (S 106,84,84) (S 93,58,58) (S 99,71,71) (D 1,1,1)
0 1 6 1826 2331 10 (D 1,1,1) (S 95,64,64) (S 96,65,65) (S 21,65,78) (S 101,75,75) (S 109,91,91) (S 32,91,79) (S 103,79,79) (S 100,74,74) (D 1,1,1)
0 1 7 1230 1492 8 (D 1,1,1) (S 94,62,62) (S 18,63,50) (S 89,50,50) (S 13,50,51) (S 90,51,51) (S 102,76,76) (D 1,1,1)
0 1 8 969 1449 6 (D 1,1,1) (S 88,48,48) (S 10,37,38) (S 10,38,37) (S 80,39,39) (D 1,1,1)
0 1 9 1791 2048 7 (D 1,1,1) (S 87,47,47) (S 86,46,46) (S 85,45,45) (S 84,44,44) (S 107,85,85) (D 1,1,1)
0 1 10 1187 1495 6 (D 1,1,1) (S 52,133,143) (S 138,143,143) (S 137,142,142) (S 132,133,133) (D 1,1,1)
0 1 11 1838 2452 12 (D 1,1,1) (S 119,113,113) (S 128,125,125) (S 53,136,137) (S 62,147,146) (S 133,135,135) (S 126,123,123) (S 124,121,121) (S 136,140,140) (S 117,108,108) (S 41,108,109) (D 1,1,1)
0 1 12 548 1006 5 (D 1,1,1) (S 66,6,6) (S 71,16,16) (S 75,28,28) (D 1,1,1)
0 1 13 630 1008 4 (D 1,1,1) (S 74,27,27) (S 9,27,28) (D 1,1,1)
0 1 14 1546 2115 6 (D 1,1,1) (S 97,67,67) (S 104,80,80) (S 110,92,92) (S 39,104,115) (D 1,1,1)
0 1 15 1615 2477 9 (D 1,1,1) (S 67,10,10) (S 68,12,12) (S 4,12,21) (S 134,137,137) (S 140,148,148) (S 120,114,114) (S 43,114,113) (D 1,1,1)
0 1 16 1862 2692 8 (D 1,1,1) (S 61,145,144) (S 139,144,144) (S 135,139,139) (S 141,150,150) (S 121,116,116) (S 45,117,106) (D 1,1,1)
0 1 17 1713 2166 7 (D 1,1,1) (S 76,29,29) (S 77,30,30) (S 82,42,42) (S 81,41,41) (S 91,53,53) (D 1,1,1)
0 1 18 1768 2650 9 (D 1,1,1) (S 33,93,82) (S 28,82,69) (S 98,68,68) (S 34,93,106) (S 49,127,128) (S 122,117,117) (S 130,130,130) (D 1,1,1)
0 1 19 1775 2417 8 (D 1,1,1) (S 78,32,32) (S 72,20,20) (S 7,19,18) (S 79,33,33) (S 83,43,43) (S 92,54,54) (D 1,1,1)
0 1 20 1765 2421 8 (D 1,1,1) (S 70,14,14) (S 69,13,13) (S 73,22,22) (S 63,2,2) (S 64,3,3) (S 65,5,5) (D 1,1,1)
