678
9
154434048
118179406
0 1 1 40 65 9 (D 1,1,1) (S 3,1,10) (S 45,10,9) (S 52,9,9) (S 51,8,8) (S 56,16,16) (S 16,16,15) (S 16,15,16) (D 1,1,1)
0 1 2 51 74 6 (D 1,1,1) (S 7,1,35) (S 69,35,35) (S 63,28,28) (S 62,27,27) (D 1,1,1)
0 1 3 42 67 8 (D 1,1,1) (S 19,1,40) (S 74,40,40) (S 46,2,2) (S 44,37,30) (S 65,30,30) (S 64,29,29) (D 1,1,1)
0 1 4 50 59 8 (D 1,1,1) (S 5,2,36) (S 70,36,36) (S 23,2,6) (S 37,6,12) (S 18,12,11) (S 53,11,11) (D 1,1,1)
0 1 5 46 64 7 (D 1,1,1) (S 50,6,6) (S 6,7,13) (S 55,13,13) (S 43,18,17) (S 57,17,17) (D 1,1,1)
0 1 6 46 78 10 (D 1,1,1) (S 18,11,12) (S 54,12,12) (S 48,4,4) (S 20,38,39) (S 49,5,5) (S 20,39,38) (S 72,38,38) (S 71,37,37) (D 1,1,1)
0 1 7 57 87 7 (D 1,1,1) (S 68,33,33) (S 61,26,26) (S 11,26,27) (S 29,2,3) (S 47,3,3) (D 1,1,1)
0 1 8 38 66 7 (D 1,1,1) (S 58,18,18) (S 12,18,22) (S 4,22,25) (S 26,24,21) (S 30,21,22) (D 1,1,1)
0 1 9 53 118 10 (D 1,1,1) (S 30,22,21) (S 59,21,21) (S 10,20,23) (S 60,23,23) (S 26,24,21) (S 73,39,39) (S 67,32,32) (S 66,31,31) (D 1,1,1)
