28365
15
303248228
295769011
0 1 1 0 0 1 (D 1,1,1) (D 1,1,1)
0 1 2 1242 1436 7 (D 1,1,1) (S 69,2,2) (S 83,19,19) (S 30,19,20) (S 31,20,12) (S 77,12,12) (D 1,1,1)
0 1 3 1527 2206 9 (D 1,1,1) (S 76,11,11) (S 19,10,18) (S 82,18,18) (S 30,19,20) (S 36,27,21) (S 34,21,5) (S 37,22,21) (D 1,1,1)
0 1 4 1553 1970 7 (D 1,1,1) (S 70,3,3) (S 8,3,4) (S 85,21,21) (S 36,21,27) (S 2,27,33) (D 1,1,1)
0 1 5 1999 2318 10 (D 1,1,1) (S 75,10,10) (S 47,29,30) (S 48,30,42) (S 102,41,41) (S 60,43,44) (S 62,44,45) (S 101,40,40) (S 51,39,32) (D 1,1,1)
0 1 6 1315 1664 8 (D 1,1,1) (S 6,2,3) (S 8,3,4) (S 71,4,4) (S 23,14,13) (S 22,13,22) (S 86,22,22) (D 1,1,1)
0 1 7 1807 1947 8 (D 1,1,1) (S 72,6,6) (S 11,6,14) (S 78,14,14) (S 24,14,23) (S 24,23,14) (S 84,20,20) (D 1,1,1)
0 1 8 1784 1908 8 (D 1,1,1) (S 93,30,30) (S 50,31,38) (S 3,38,39) (S 100,39,39) (S 51,39,32) (S 94,32,32) (D 1,1,1)
0 1 9 1524 1832 7 (D 1,1,1) (S 73,7,7) (S 13,7,16) (S 28,16,26) (S 90,26,26) (S 28,26,16) (D 1,1,1)
0 1 10 1562 2057 9 (D 1,1,1) (S 12,7,8) (S 14,8,9) (S 14,8,9) (S 74,9,9) (S 17,9,17) (S 81,17,17) (S 80,16,16) (D 1,1,1)
0 1 11 1592 2193 8 (D 1,1,1) (S 1,23,35) (S 40,23,24) (S 27,16,25) (S 89,25,25) (S 79,15,15) (S 87,23,23) (D 1,1,1)
0 1 12 1540 2003 6 (D 1,1,1) (S 88,24,24) (S 42,24,36) (S 55,36,35) (S 97,35,35) (D 1,1,1)
0 1 13 1594 2052 6 (D 1,1,1) (S 95,33,33) (S 52,33,40) (S 4,40,45) (S 91,27,27) (D 1,1,1)
0 1 14 1741 2437 10 (D 1,1,1) (S 103,43,43) (S 104,44,44) (S 92,28,28) (S 96,34,34) (S 98,36,36) (S 56,36,48) (S 106,47,47) (S 64,47,46) (D 1,1,1)
0 1 15 1713 2342 9 (D 1,1,1) (S 27,16,25) (S 99,37,37) (S 108,49,49) (S 107,48,48) (S 67,48,47) (S 64,47,46) (S 105,46,46) (D 1,1,1)
