33527
45
767510425
759306970
0 1 1 129 429 11 (D 1,1,1) (S 1,1,2) (S 2,2,3) (S 2,3,2) (S 3,2,4) (S 3,4,2) (S 200,2,2) (S 6,5,7) (S 6,7,5) (S 5,5,6) (D 1,1,1)
0 1 2 129 399 6 (D 1,1,1) (S 1,1,2) (S 82,4,69) (S 81,69,59) (S 81,59,69) (D 1,1,1)
0 1 3 75 323 3 (D 1,1,1) (S 82,4,69) (D 1,1,1)
0 1 4 120 346 5 (D 1,1,1) (S 4,4,5) (S 5,5,6) (S 4,5,4) (D 1,1,1)
0 1 5 122 432 7 (D 1,1,1) (S 201,5,5) (S 7,7,8) (S 8,8,9) (S 8,9,8) (S 7,8,7) (D 1,1,1)
0 1 6 125 586 6 (D 1,1,1) (S 80,69,58) (S 72,58,60) (S 97,60,67) (S 98,67,62) (D 1,1,1)
0 1 7 130 570 6 (D 1,1,1) (S 71,59,11) (S 10,11,10) (S 9,10,9) (S 9,9,10) (D 1,1,1)
0 1 8 128 632 6 (D 1,1,1) (S 96,59,44) (S 50,44,43) (S 49,43,42) (S 49,42,43) (D 1,1,1)
0 1 9 129 601 5 (D 1,1,1) (S 70,59,58) (S 217,58,58) (S 69,58,57) (D 1,1,1)
0 1 10 128 864 7 (D 1,1,1) (S 71,59,11) (S 11,11,12) (S 92,76,20) (S 86,72,73) (S 85,73,71) (D 1,1,1)
0 1 11 128 632 6 (D 1,1,1) (S 70,59,58) (S 69,58,57) (S 68,57,42) (S 203,43,43) (D 1,1,1)
0 1 12 125 488 8 (D 1,1,1) (S 214,59,59) (S 96,59,44) (S 206,44,44) (S 53,44,46) (S 52,46,45) (S 51,45,44) (D 1,1,1)
0 1 13 125 610 5 (D 1,1,1) (S 213,9,9) (S 10,10,11) (S 56,11,48) (D 1,1,1)
0 1 14 127 661 6 (D 1,1,1) (S 72,58,60) (S 73,60,61) (S 73,61,60) (S 78,62,66) (D 1,1,1)
0 1 15 130 682 5 (D 1,1,1) (S 50,44,43) (S 67,42,56) (S 67,56,42) (D 1,1,1)
0 1 16 129 624 11 (D 1,1,1) (S 51,44,45) (S 52,45,46) (S 54,46,47) (S 55,47,48) (S 55,48,47) (S 60,50,52) (S 63,52,54) (S 54,47,46) (S 53,46,44) (D 1,1,1)
0 1 17 130 614 9 (D 1,1,1) (S 197,46,46) (S 57,47,49) (S 59,49,51) (S 59,51,49) (S 58,49,50) (S 221,50,50) (S 63,52,54) (D 1,1,1)
0 1 18 126 705 6 (D 1,1,1) (S 56,11,48) (S 57,47,49) (S 58,49,50) (S 65,50,19) (D 1,1,1)
0 1 19 125 705 6 (D 1,1,1) (S 11,11,12) (S 12,12,16) (S 12,16,12) (S 94,76,77) (D 1,1,1)
0 1 20 123 667 7 (D 1,1,1) (S 204,60,60) (S 74,60,62) (S 75,62,63) (S 77,63,65) (S 76,63,64) (D 1,1,1)
0 1 21 129 718 8 (D 1,1,1) (S 97,60,67) (S 89,67,56) (S 66,56,55) (S 66,56,55) (S 89,56,67) (S 78,62,66) (D 1,1,1)
0 1 22 124 863 8 (D 1,1,1) (S 75,62,63) (S 76,63,64) (S 77,63,65) (S 98,62,67) (S 48,42,41) (S 46,41,35) (D 1,1,1)
0 1 23 127 736 6 (D 1,1,1) (S 94,76,77) (S 93,77,15) (S 18,15,18) (S 19,18,19) (D 1,1,1)
0 1 24 130 739 8 (D 1,1,1) (S 65,50,19) (S 22,19,21) (S 23,21,22) (S 23,22,21) (S 64,53,24) (S 25,24,22) (D 1,1,1)
0 1 25 126 855 7 (D 1,1,1) (S 79,66,68) (S 79,68,66) (S 48,42,41) (S 47,41,40) (S 47,40,41) (D 1,1,1)
0 1 26 126 879 6 (D 1,1,1) (S 202,66,66) (S 218,65,65) (S 46,41,35) (S 68,42,57) (D 1,1,1)
0 1 27 130 733 8 (D 1,1,1) (S 60,50,52) (S 215,52,52) (S 199,54,54) (S 64,53,24) (S 26,24,25) (S 28,25,26) (D 1,1,1)
0 1 28 130 900 8 (D 1,1,1) (S 22,21,19) (S 20,19,20) (S 21,20,18) (S 86,72,73) (S 21,18,20) (S 209,20,20) (D 1,1,1)
0 1 29 130 945 7 (D 1,1,1) (S 20,20,19) (S 19,19,18) (S 84,72,71) (S 18,18,15) (S 93,15,77) (D 1,1,1)
0 1 30 130 774 10 (D 1,1,1) (S 62,52,53) (S 61,53,51) (S 24,22,75) (S 24,75,22) (S 208,22,22) (S 26,24,25) (S 27,25,75) (S 27,75,25) (D 1,1,1)
0 1 31 130 756 12 (D 1,1,1) (S 13,16,13) (S 16,13,77) (S 16,77,13) (S 14,13,14) (S 15,14,15) (S 17,15,17) (S 17,17,15) (S 15,15,14) (S 14,14,13) (S 13,13,16) (D 1,1,1)
0 1 32 130 824 4 (D 1,1,1) (S 88,18,72) (S 219,72,72) (D 1,1,1)
0 1 33 128 888 6 (D 1,1,1) (S 88,18,72) (S 84,72,71) (S 85,71,73) (S 87,73,74) (D 1,1,1)
0 1 34 130 980 11 (D 1,1,1) (S 207,41,41) (S 211,40,40) (S 44,40,39) (S 45,39,35) (S 45,35,39) (S 43,39,37) (S 42,37,38) (S 42,38,37) (S 34,31,30) (D 1,1,1)
0 1 35 129 797 10 (D 1,1,1) (S 95,51,21) (S 90,75,23) (S 90,23,75) (S 220,75,75) (S 28,25,26) (S 30,26,27) (S 30,27,26) (S 29,26,23) (D 1,1,1)
0 1 36 129 881 9 (D 1,1,1) (S 91,12,76) (S 33,25,29) (S 32,29,28) (S 31,28,26) (S 31,26,28) (S 32,28,29) (S 33,29,25) (D 1,1,1)
0 1 37 126 899 5 (D 1,1,1) (S 43,39,37) (S 41,37,33) (S 37,33,32) (D 1,1,1)
0 1 38 127 867 4 (D 1,1,1) (S 212,39,39) (S 39,35,32) (D 1,1,1)
0 1 39 124 858 4 (D 1,1,1) (S 39,35,32) (S 198,32,32) (D 1,1,1)
0 1 40 129 840 9 (D 1,1,1) (S 61,51,53) (S 95,51,21) (S 216,23,23) (S 35,23,31) (S 34,31,30) (S 35,31,23) (S 29,23,26) (D 1,1,1)
0 1 41 129 935 5 (D 1,1,1) (S 41,37,33) (S 40,33,36) (S 40,36,33) (D 1,1,1)
0 1 42 130 1049 6 (D 1,1,1) (S 210,27,27) (S 36,31,32) (S 37,32,33) (S 74,60,62) (D 1,1,1)
0 1 43 130 1321 6 (D 1,1,1) (S 87,73,74) (S 62,52,53) (S 36,31,32) (S 38,32,34) (D 1,1,1)
0 1 44 127 945 6 (D 1,1,1) (S 91,12,76) (S 83,71,70) (S 83,70,71) (S 92,20,76) (D 1,1,1)
0 1 45 122 975 7 (D 1,1,1) (S 80,69,58) (S 44,40,39) (S 38,32,34) (S 205,34,34) (S 25,22,24) (D 1,1,1)
