539
10
98636802
56798071
0 1 1 49 55 6 (D 1,1,1) (S 1,1,7) (S 38,7,7) (S 17,7,6) (S 37,6,6) (D 1,1,1)
0 1 2 43 58 12 (D 1,1,1) (S 5,1,31) (S 55,31,31) (S 23,5,10) (S 2,10,11) (S 24,11,6) (S 24,6,11) (S 12,11,12) (S 28,12,13) (S 22,9,4) (S 36,4,4) (D 1,1,1)
0 1 3 26 34 5 (D 1,1,1) (S 35,3,3) (S 4,3,9) (S 39,9,9) (D 1,1,1)
0 1 4 26 30 3 (D 1,1,1) (S 34,2,2) (D 1,1,1)
0 1 5 36 45 5 (D 1,1,1) (S 54,30,30) (S 19,30,29) (S 53,29,29) (D 1,1,1)
0 1 6 46 86 10 (D 1,1,1) (S 23,5,10) (S 40,10,10) (S 42,14,14) (S 43,15,15) (S 44,16,16) (S 15,12,18) (S 46,18,18) (S 14,18,19) (D 1,1,1)
0 1 7 49 71 8 (D 1,1,1) (S 52,28,28) (S 13,28,26) (S 51,27,27) (S 49,24,24) (S 48,23,23) (S 50,26,26) (D 1,1,1)
0 1 8 38 75 6 (D 1,1,1) (S 45,17,17) (S 15,12,18) (S 14,18,19) (S 47,19,19) (D 1,1,1)
0 1 9 49 85 7 (D 1,1,1) (S 8,8,12) (S 41,13,13) (S 33,19,22) (S 29,21,18) (S 12,12,11) (D 1,1,1)
0 1 10 0 0 1 (D 1,1,1) (D 1,1,1)
