393
10
47005984
16239152
0 1 1 0 0 1 (D 1,1,1) (D 1,1,1)
0 1 2 0 0 1 (D 1,1,1) (D 1,1,1)
0 1 3 27 46 8 (D 1,1,1) (S 17,1,19) (S 6,1,15) (S 35,15,15) (S 24,20,21) (S 8,21,25) (S 27,25,26) (D 1,1,1)
0 1 4 25 49 6 (D 1,1,1) (S 38,24,24) (S 23,22,25) (S 2,21,22) (S 14,23,24) (D 1,1,1)
0 1 5 15 29 3 (D 1,1,1) (S 30,3,3) (D 1,1,1)
0 1 6 27 68 7 (D 1,1,1) (S 4,3,8) (S 32,5,5) (S 5,4,10) (S 7,10,11) (S 19,7,11) (D 1,1,1)
0 1 7 18 40 3 (D 1,1,1) (S 33,6,6) (D 1,1,1)
0 1 8 24 47 5 (D 1,1,1) (S 34,14,14) (S 26,14,18) (S 16,2,1) (D 1,1,1)
0 1 9 26 64 4 (D 1,1,1) (S 31,4,4) (S 36,17,17) (D 1,1,1)
0 1 10 26 50 6 (D 1,1,1) (S 28,1,27) (S 18,18,21) (S 37,21,21) (S 25,15,17) (D 1,1,1)
