774
10
898471335
863358150
0 1 1 53 79 10 (D 1,1,1) (S 82,1,16) (S 65,16,17) (S 59,17,30) (S 120,47,47) (S 67,39,40) (S 111,32,32) (S 43,32,19) (S 69,6,5) (D 1,1,1)
0 1 2 52 72 12 (D 1,1,1) (S 62,1,9) (S 36,13,22) (S 19,21,26) (S 2,26,34) (S 113,34,34) (S 16,34,42) (S 3,42,43) (S 118,43,43) (S 27,43,44) (S 115,37,37) (D 1,1,1)
0 1 3 48 58 18 (D 1,1,1) (S 7,1,15) (S 60,15,23) (S 60,23,15) (S 48,15,16) (S 48,16,15) (S 17,15,24) (S 30,24,23) (S 30,23,24) (S 49,24,29) (S 74,29,37) (S 74,37,29) (S 85,29,23) (S 85,23,29) (S 108,29,29) (S 49,29,24) (S 106,24,24) (D 1,1,1)
0 1 4 51 77 13 (D 1,1,1) (S 62,1,9) (S 101,13,13) (S 61,13,8) (S 61,8,13) (S 97,9,9) (S 6,9,14) (S 4,14,15) (S 35,28,27) (S 42,27,35) (S 114,35,35) (S 70,36,38) (D 1,1,1)
0 1 5 42 59 12 (D 1,1,1) (S 78,1,5) (S 69,5,6) (S 44,6,11) (S 29,11,12) (S 100,12,12) (S 29,12,11) (S 59,17,30) (S 109,30,30) (S 14,30,38) (S 116,38,38) (D 1,1,1)
0 1 6 66 94 13 (D 1,1,1) (S 95,5,5) (S 22,5,10) (S 99,11,11) (S 44,11,6) (S 96,6,6) (S 92,2,2) (S 93,3,3) (S 75,3,4) (S 94,4,4) (S 90,7,12) (S 12,12,19) (D 1,1,1)
0 1 7 63 96 17 (D 1,1,1) (S 13,14,23) (S 105,23,23) (S 38,14,22) (S 104,22,22) (S 36,22,13) (S 57,20,25) (S 57,25,20) (S 34,25,33) (S 34,33,25) (S 53,25,26) (S 107,26,26) (S 53,26,25) (S 112,33,33) (S 24,41,42) (S 27,43,44) (D 1,1,1)
0 1 8 51 71 9 (D 1,1,1) (S 102,16,16) (S 103,17,17) (S 5,17,18) (S 31,18,19) (S 43,19,32) (S 41,31,39) (S 117,39,39) (D 1,1,1)
0 1 9 60 95 11 (D 1,1,1) (S 98,10,10) (S 110,31,31) (S 41,31,39) (S 25,38,46) (S 1,46,50) (S 47,50,49) (S 122,49,49) (S 64,45,49) (S 47,49,50) (D 1,1,1)
0 1 10 40 73 8 (D 1,1,1) (S 35,28,27) (S 18,28,36) (S 10,36,44) (S 71,43,48) (S 121,48,48) (S 119,44,44) (D 1,1,1)
