182
8
42271982
12040503
0 1 1 0 0 1 (D 1,1,1) (D 1,1,1)
0 1 2 24 26 7 (D 1,1,1) (S 24,1,6) (S 3,6,8) (S 32,8,8) (S 29,5,5) (S 6,5,7) (D 1,1,1)
0 1 3 24 25 4 (D 1,1,1) (S 10,1,3) (S 27,3,3) (D 1,1,1)
0 1 4 19 22 6 (D 1,1,1) (S 20,1,7) (S 4,7,9) (S 33,9,9) (S 23,4,11) (D 1,1,1)
0 1 5 25 28 5 (D 1,1,1) (S 14,1,8) (S 26,2,2) (S 16,2,9) (D 1,1,1)
0 1 6 22 27 6 (D 1,1,1) (S 8,1,10) (S 9,3,10) (S 31,7,7) (S 21,7,10) (D 1,1,1)
0 1 7 21 26 6 (D 1,1,1) (S 30,6,6) (S 17,3,4) (S 13,4,5) (S 15,5,11) (D 1,1,1)
0 1 8 24 28 4 (D 1,1,1) (S 28,4,4) (S 1,4,9) (D 1,1,1)
