375
10
52195190
24371308
0 1 1 0 0 1 (D 1,1,1) (D 1,1,1)
0 1 2 27 45 7 (D 1,1,1) (S 20,1,3) (S 26,3,3) (S 25,3,6) (S 24,6,7) (S 11,7,11) (D 1,1,1)
0 1 3 25 52 6 (D 1,1,1) (S 36,19,19) (S 34,17,17) (S 2,15,20) (S 32,14,14) (D 1,1,1)
0 1 4 0 0 1 (D 1,1,1) (D 1,1,1)
0 1 5 12 36 4 (D 1,1,1) (S 28,5,5) (S 14,5,6) (D 1,1,1)
0 1 6 22 42 6 (D 1,1,1) (S 13,3,4) (S 27,4,4) (S 18,4,10) (S 31,10,10) (D 1,1,1)
0 1 7 24 46 7 (D 1,1,1) (S 6,12,13) (S 3,13,14) (S 9,14,20) (S 37,21,21) (S 33,15,15) (D 1,1,1)
0 1 8 26 56 4 (D 1,1,1) (S 29,6,6) (S 30,8,8) (D 1,1,1)
0 1 9 21 46 7 (D 1,1,1) (S 40,24,24) (S 39,23,23) (S 38,22,22) (S 23,25,26) (S 41,27,27) (D 1,1,1)
0 1 10 27 52 6 (D 1,1,1) (S 10,2,12) (S 5,14,18) (S 35,18,18) (S 12,21,22) (D 1,1,1)
