20620
24
628320941
617332126
0 1 1 135 289 9 (D 1,1,1) (S 67,1,116) (S 68,116,117) (S 70,117,119) (S 175,119,119) (S 70,119,117) (S 69,117,2) (S 69,2,117) (D 1,1,1)
0 1 2 150 424 10 (D 1,1,1) (S 67,1,116) (S 169,116,116) (S 68,116,117) (S 71,118,114) (S 66,114,113) (S 65,113,112) (S 63,112,110) (S 61,110,107) (D 1,1,1)
0 1 3 148 492 10 (D 1,1,1) (S 71,114,118) (S 160,122,122) (S 51,87,86) (S 50,86,85) (S 49,85,84) (S 49,84,85) (S 50,85,86) (S 51,86,87) (D 1,1,1)
0 1 4 136 426 12 (D 1,1,1) (S 66,114,113) (S 65,113,112) (S 64,112,107) (S 64,107,112) (S 63,112,110) (S 151,110,110) (S 62,110,111) (S 62,111,110) (S 61,110,107) (S 58,107,106) (D 1,1,1)
0 1 5 149 674 6 (D 1,1,1) (S 59,107,108) (S 60,108,109) (S 57,106,105) (S 56,105,104) (D 1,1,1)
0 1 6 146 688 9 (D 1,1,1) (S 59,107,108) (S 58,107,106) (S 55,104,102) (S 35,66,62) (S 32,62,63) (S 32,63,62) (S 55,102,104) (D 1,1,1)
0 1 7 142 828 5 (D 1,1,1) (S 60,108,109) (S 56,105,104) (S 36,66,67) (D 1,1,1)
0 1 8 148 583 11 (D 1,1,1) (S 157,86,86) (S 48,84,82) (S 47,82,80) (S 46,80,79) (S 45,79,78) (S 44,78,77) (S 44,77,78) (S 45,78,79) (S 161,83,83) (D 1,1,1)
0 1 9 142 558 7 (D 1,1,1) (S 72,124,126) (S 73,126,130) (S 73,130,126) (S 170,129,129) (S 72,126,124) (D 1,1,1)
0 1 10 132 667 11 (D 1,1,1) (S 48,84,82) (S 47,82,80) (S 43,77,46) (S 26,46,43) (S 22,43,37) (S 22,37,43) (S 43,46,77) (S 46,79,80) (S 166,92,92) (D 1,1,1)
0 1 11 149 928 7 (D 1,1,1) (S 158,130,130) (S 168,133,133) (S 154,135,135) (S 35,66,62) (S 164,62,62) (D 1,1,1)
0 1 12 147 648 10 (D 1,1,1) (S 36,66,67) (S 156,67,67) (S 39,69,71) (S 40,71,72) (S 41,72,73) (S 41,73,72) (S 38,69,67) (S 37,67,68) (D 1,1,1)
0 1 13 149 970 9 (D 1,1,1) (S 40,71,72) (S 42,73,44) (S 23,44,43) (S 23,43,44) (S 42,44,73) (S 54,97,98) (S 54,97,98) (D 1,1,1)
0 1 14 148 868 14 (D 1,1,1) (S 34,64,65) (S 34,65,64) (S 33,64,63) (S 33,63,64) (S 31,56,55) (S 30,55,54) (S 30,54,55) (S 74,55,140) (S 29,140,49) (S 28,49,48) (S 167,48,48) (S 74,140,55) (D 1,1,1)
0 1 15 149 1081 12 (D 1,1,1) (S 52,95,96) (S 53,96,97) (S 53,97,96) (S 52,96,95) (S 163,95,95) (S 29,140,49) (S 28,49,48) (S 27,139,33) (S 16,33,11) (S 27,33,139) (D 1,1,1)
0 1 16 150 1113 11 (D 1,1,1) (S 173,47,47) (S 18,37,36) (S 19,36,38) (S 20,38,39) (S 20,39,38) (S 19,38,36) (S 18,36,37) (S 13,29,28) (S 12,28,27) (D 1,1,1)
0 1 17 150 1049 8 (D 1,1,1) (S 38,67,69) (S 152,75,75) (S 24,44,45) (S 17,34,139) (S 16,33,11) (S 6,12,13) (D 1,1,1)
0 1 18 149 985 7 (D 1,1,1) (S 172,60,60) (S 17,34,139) (S 155,33,33) (S 5,11,12) (S 6,12,13) (D 1,1,1)
0 1 19 150 1218 9 (D 1,1,1) (S 21,39,40) (S 21,40,39) (S 25,45,34) (S 4,11,8) (S 2,8,6) (S 1,6,5) (S 1,5,6) (D 1,1,1)
0 1 20 150 1210 8 (D 1,1,1) (S 31,56,55) (S 5,11,12) (S 7,13,14) (S 7,14,13) (S 4,11,8) (S 3,8,9) (D 1,1,1)
0 1 21 147 1177 6 (D 1,1,1) (S 75,11,27) (S 75,27,11) (S 2,8,6) (S 3,8,9) (D 1,1,1)
0 1 22 149 1075 11 (D 1,1,1) (S 13,29,28) (S 165,28,28) (S 14,28,30) (S 162,30,30) (S 15,30,32) (S 15,32,30) (S 14,30,28) (S 12,28,27) (S 11,27,25) (D 1,1,1)
0 1 23 150 1312 11 (D 1,1,1) (S 57,106,105) (S 11,27,25) (S 10,25,24) (S 9,24,20) (S 8,20,22) (S 8,22,20) (S 9,20,24) (S 10,24,25) (S 171,9,9) (D 1,1,1)
0 1 24 148 1357 10 (D 1,1,1) (S 26,46,43) (S 24,44,45) (S 25,45,34) (S 174,7,7) (S 153,5,5) (S 159,21,21) (S 39,69,71) (S 37,67,68) (D 1,1,1)
