4509
7
88727517
80525542
0 1 1 89 343 5 (D 1,1,1) (S 63,3,3) (S 60,5,5) (S 62,6,6) (D 1,1,1)
0 1 2 0 0 1 (D 1,1,1) (D 1,1,1)
0 1 3 0 0 1 (D 1,1,1) (D 1,1,1)
0 1 4 135 617 6 (D 1,1,1) (S 52,69,69) (S 46,69,59) (S 51,59,44) (S 23,44,43) (D 1,1,1)
0 1 5 233 1250 10 (D 1,1,1) (S 45,69,58) (S 37,59,11) (S 61,51,51) (S 50,51,21) (S 71,21,21) (S 48,75,23) (S 54,36,36) (S 69,60,60) (D 1,1,1)
0 1 6 303 1149 10 (D 1,1,1) (S 67,67,67) (S 33,56,55) (S 66,41,41) (S 22,41,35) (S 21,35,32) (S 59,26,26) (S 53,27,27) (S 57,24,24) (D 1,1,1)
0 1 7 266 1150 14 (D 1,1,1) (S 55,12,12) (S 68,16,16) (S 8,16,13) (S 65,13,13) (S 64,76,76) (S 49,76,20) (S 13,20,19) (S 12,19,18) (S 56,18,18) (S 58,73,73) (S 70,52,52) (S 25,46,44) (D 1,1,1)
