842
9
121178389
86758547
0 1 1 60 69 8 (D 1,1,1) (S 2,1,2) (S 21,2,3) (S 42,3,3) (S 21,3,2) (S 29,2,9) (S 47,9,9) (D 1,1,1)
0 1 2 63 94 10 (D 1,1,1) (S 8,1,8) (S 17,8,13) (S 16,13,16) (S 1,16,21) (S 15,21,24) (S 55,20,20) (S 9,20,27) (S 61,27,27) (D 1,1,1)
0 1 3 42 62 5 (D 1,1,1) (S 44,5,5) (S 46,8,8) (S 12,8,9) (D 1,1,1)
0 1 4 59 99 8 (D 1,1,1) (S 13,15,19) (S 54,18,18) (S 30,17,13) (S 16,13,16) (S 20,16,11) (S 49,11,11) (D 1,1,1)
0 1 5 55 90 5 (D 1,1,1) (S 3,10,15) (S 52,15,15) (S 51,14,14) (D 1,1,1)
0 1 6 60 92 9 (D 1,1,1) (S 43,4,4) (S 5,4,6) (S 27,6,7) (S 45,7,7) (S 27,7,6) (S 32,6,11) (S 23,11,12) (D 1,1,1)
0 1 7 60 101 10 (D 1,1,1) (S 17,8,13) (S 4,16,17) (S 53,17,17) (S 6,17,22) (S 7,22,25) (S 26,25,30) (S 58,23,23) (S 48,10,10) (D 1,1,1)
0 1 8 57 113 11 (D 1,1,1) (S 50,12,12) (S 23,12,11) (S 14,21,28) (S 18,28,29) (S 62,29,29) (S 19,29,21) (S 56,21,21) (S 19,21,29) (S 57,22,22) (D 1,1,1)
0 1 9 61 122 7 (D 1,1,1) (S 63,30,30) (S 60,26,26) (S 40,25,29) (S 18,29,28) (S 59,24,24) (D 1,1,1)
