236
10
68431482
37103156
0 1 1 22 24 5 (D 1,1,1) (S 17,1,6) (S 4,6,9) (S 47,9,9) (D 1,1,1)
0 1 2 17 19 6 (D 1,1,1) (S 1,1,4) (S 43,4,4) (S 40,4,10) (S 48,10,10) (D 1,1,1)
0 1 3 25 27 9 (D 1,1,1) (S 7,1,2) (S 23,2,8) (S 11,8,11) (S 33,1,3) (S 42,3,3) (S 29,3,5) (S 35,5,11) (D 1,1,1)
0 1 4 24 29 5 (D 1,1,1) (S 27,1,5) (S 25,6,7) (S 10,7,9) (D 1,1,1)
0 1 5 8 10 3 (D 1,1,1) (S 31,2,11) (D 1,1,1)
0 1 6 24 29 6 (D 1,1,1) (S 28,1,7) (S 41,2,2) (S 18,2,4) (S 19,4,9) (D 1,1,1)
0 1 7 12 14 4 (D 1,1,1) (S 5,2,3) (S 30,3,8) (D 1,1,1)
0 1 8 21 23 4 (D 1,1,1) (S 39,4,8) (S 46,8,8) (D 1,1,1)
0 1 9 25 31 6 (D 1,1,1) (S 2,1,8) (S 45,7,7) (S 15,3,10) (S 21,4,11) (D 1,1,1)
0 1 10 24 30 6 (D 1,1,1) (S 32,1,10) (S 38,4,7) (S 44,5,5) (S 9,5,9) (D 1,1,1)
