908
10
561269576
496063366
0 1 1 29 38 7 (D 1,1,1) (S 56,7,8) (S 73,8,8) (S 66,7,6) (S 66,6,7) (S 62,2,1) (D 1,1,1)
0 1 2 69 88 13 (D 1,1,1) (S 72,6,6) (S 5,12,20) (S 55,20,30) (S 44,30,26) (S 24,26,18) (S 21,18,19) (S 63,19,26) (S 9,26,34) (S 2,34,40) (S 97,40,40) (S 35,34,30) (D 1,1,1)
0 1 3 57 85 11 (D 1,1,1) (S 39,5,18) (S 24,18,26) (S 86,26,26) (S 35,30,34) (S 45,41,48) (S 104,48,48) (S 42,41,49) (S 105,49,49) (S 30,11,12) (D 1,1,1)
0 1 4 75 125 12 (D 1,1,1) (S 30,12,11) (S 51,11,5) (S 71,5,5) (S 13,11,19) (S 81,19,19) (S 65,18,29) (S 96,39,39) (S 7,29,33) (S 102,46,46) (S 103,47,47) (D 1,1,1)
0 1 5 68 81 12 (D 1,1,1) (S 37,6,13) (S 76,13,13) (S 77,14,14) (S 78,15,15) (S 10,15,23) (S 54,23,31) (S 54,31,23) (S 38,23,22) (S 82,22,22) (S 28,22,21) (D 1,1,1)
0 1 6 72 109 17 (D 1,1,1) (S 8,20,21) (S 28,21,22) (S 89,31,31) (S 47,31,37) (S 27,37,38) (S 43,38,45) (S 32,45,50) (S 32,50,45) (S 101,45,45) (S 49,45,43) (S 31,43,37) (S 94,37,37) (S 93,36,36) (S 92,35,35) (S 25,35,41) (D 1,1,1)
0 1 7 71 106 11 (D 1,1,1) (S 12,8,14) (S 23,14,15) (S 79,16,16) (S 26,16,24) (S 84,24,24) (S 57,24,23) (S 83,23,23) (S 31,37,43) (S 99,43,43) (D 1,1,1)
0 1 8 57 85 9 (D 1,1,1) (S 37,6,13) (S 3,21,27) (S 87,27,27) (S 1,27,36) (S 98,42,42) (S 100,44,44) (S 36,42,41) (D 1,1,1)
0 1 9 74 117 12 (D 1,1,1) (S 74,9,9) (S 17,9,10) (S 75,10,10) (S 80,17,17) (S 85,25,25) (S 88,28,28) (S 34,28,38) (S 95,38,38) (S 34,38,28) (S 90,32,32) (D 1,1,1)
0 1 10 43 74 5 (D 1,1,1) (S 91,33,33) (S 11,33,34) (S 14,27,31) (D 1,1,1)
