237
10
57701833
28478086
0 1 1 7 9 4 (D 1,1,1) (S 5,2,6) (S 27,6,11) (D 1,1,1)
0 1 2 24 25 5 (D 1,1,1) (S 26,1,5) (S 1,5,8) (S 39,8,8) (D 1,1,1)
0 1 3 22 24 6 (D 1,1,1) (S 4,1,3) (S 14,3,7) (S 24,3,11) (S 42,11,11) (D 1,1,1)
0 1 4 26 28 7 (D 1,1,1) (S 30,2,3) (S 6,3,4) (S 9,4,6) (S 21,6,8) (S 15,8,11) (D 1,1,1)
0 1 5 18 21 4 (D 1,1,1) (S 28,8,9) (S 40,9,9) (D 1,1,1)
0 1 6 16 21 4 (D 1,1,1) (S 34,3,3) (S 11,3,9) (D 1,1,1)
0 1 7 23 25 3 (D 1,1,1) (S 33,2,2) (D 1,1,1)
0 1 8 23 25 3 (D 1,1,1) (S 35,4,4) (D 1,1,1)
0 1 9 24 26 7 (D 1,1,1) (S 32,1,4) (S 13,4,7) (S 38,7,7) (S 7,7,10) (S 41,10,10) (D 1,1,1)
0 1 10 27 33 7 (D 1,1,1) (S 17,2,5) (S 36,5,5) (S 20,5,10) (S 37,6,6) (S 16,6,10) (D 1,1,1)
