155
9
47289626
16292617
0 1 1 19 21 6 (D 1,1,1) (S 2,1,7) (S 34,7,7) (S 6,7,10) (S 36,10,10) (D 1,1,1)
0 1 2 14 17 5 (D 1,1,1) (S 33,6,6) (S 5,6,10) (S 30,3,3) (D 1,1,1)
0 1 3 23 25 7 (D 1,1,1) (S 24,1,3) (S 9,3,10) (S 20,3,5) (S 32,5,5) (S 3,5,8) (D 1,1,1)
0 1 4 9 11 4 (D 1,1,1) (S 16,1,8) (S 1,8,9) (D 1,1,1)
0 1 5 9 11 4 (D 1,1,1) (S 17,1,5) (S 27,5,11) (D 1,1,1)
0 1 6 0 0 1 (D 1,1,1) (D 1,1,1)
0 1 7 19 22 4 (D 1,1,1) (S 12,3,9) (S 35,9,9) (D 1,1,1)
0 1 8 24 26 5 (D 1,1,1) (S 19,1,9) (S 31,4,4) (S 11,4,7) (D 1,1,1)
0 1 9 18 22 4 (D 1,1,1) (S 28,1,11) (S 29,2,2) (D 1,1,1)
