485
8
80548722
43921257
0 1 1 40 61 6 (D 1,1,1) (S 29,1,19) (S 25,19,9) (S 25,9,19) (S 16,19,22) (D 1,1,1)
0 1 2 24 39 8 (D 1,1,1) (S 21,5,6) (S 3,7,13) (S 15,13,17) (S 45,17,17) (S 23,17,16) (S 44,16,16) (D 1,1,1)
0 1 3 41 56 6 (D 1,1,1) (S 38,5,5) (S 21,5,6) (S 39,6,6) (S 41,11,11) (D 1,1,1)
0 1 4 29 65 7 (D 1,1,1) (S 40,9,9) (S 5,3,4) (S 37,4,4) (S 23,16,17) (S 18,17,12) (D 1,1,1)
0 1 5 39 48 4 (D 1,1,1) (S 12,19,20) (S 47,20,20) (D 1,1,1)
0 1 6 41 80 7 (D 1,1,1) (S 36,3,3) (S 8,3,10) (S 35,2,2) (S 1,7,8) (S 28,8,14) (D 1,1,1)
0 1 7 22 35 6 (D 1,1,1) (S 34,20,15) (S 43,15,15) (S 17,15,21) (S 17,21,15) (D 1,1,1)
0 1 8 44 101 10 (D 1,1,1) (S 42,12,12) (S 18,12,17) (S 32,17,18) (S 46,18,18) (S 28,14,8) (S 7,21,23) (S 2,23,24) (S 48,24,24) (D 1,1,1)
