511
9
81351345
49345531
0 1 1 43 84 11 (D 1,1,1) (S 4,1,20) (S 42,20,20) (S 26,5,4) (S 35,11,11) (S 20,16,17) (S 16,17,12) (S 36,12,12) (S 6,12,16) (S 20,16,17) (D 1,1,1)
0 1 2 37 53 9 (D 1,1,1) (S 1,1,5) (S 31,5,5) (S 29,2,2) (S 24,2,4) (S 30,4,4) (S 7,3,10) (S 34,10,10) (D 1,1,1)
0 1 3 27 37 5 (D 1,1,1) (S 18,1,19) (S 19,19,9) (S 19,9,19) (D 1,1,1)
0 1 4 0 0 1 (D 1,1,1) (D 1,1,1)
0 1 5 40 68 5 (D 1,1,1) (S 41,19,19) (S 9,22,23) (S 44,23,23) (D 1,1,1)
0 1 6 43 68 7 (D 1,1,1) (S 15,20,21) (S 17,21,24) (S 17,24,21) (S 5,21,23) (S 43,21,21) (D 1,1,1)
0 1 7 45 72 4 (D 1,1,1) (S 32,6,6) (S 16,12,17) (D 1,1,1)
0 1 8 44 74 6 (D 1,1,1) (S 14,6,7) (S 33,7,7) (S 37,13,13) (S 39,17,17) (D 1,1,1)
0 1 9 19 55 5 (D 1,1,1) (S 10,8,14) (S 38,14,14) (S 40,18,18) (D 1,1,1)
