478
9
122718825
88436993
0 1 1 38 51 11 (D 1,1,1) (S 2,1,5) (S 42,5,5) (S 18,5,4) (S 18,4,5) (S 13,5,6) (S 14,6,7) (S 1,7,13) (S 46,13,13) (S 19,17,16) (D 1,1,1)
0 1 2 46 63 8 (D 1,1,1) (S 35,1,9) (S 44,9,9) (S 41,3,3) (S 12,3,4) (S 16,2,10) (S 20,2,4) (D 1,1,1)
0 1 3 6 13 3 (D 1,1,1) (S 22,1,11) (D 1,1,1)
0 1 4 39 59 6 (D 1,1,1) (S 4,1,20) (S 29,20,21) (S 25,21,24) (S 25,21,24) (D 1,1,1)
0 1 5 43 56 10 (D 1,1,1) (S 13,5,6) (S 8,6,12) (S 5,12,16) (S 49,16,16) (S 19,16,17) (S 50,17,17) (S 17,17,12) (S 45,12,12) (D 1,1,1)
0 1 6 29 41 5 (D 1,1,1) (S 15,19,20) (S 23,20,15) (S 48,15,15) (D 1,1,1)
0 1 7 43 104 7 (D 1,1,1) (S 33,19,22) (S 51,22,22) (S 7,7,8) (S 43,8,8) (S 47,14,14) (D 1,1,1)
0 1 8 42 78 8 (D 1,1,1) (S 16,2,10) (S 40,2,2) (S 14,6,7) (S 11,13,14) (S 3,14,18) (S 17,17,12) (D 1,1,1)
0 1 9 6 13 3 (D 1,1,1) (S 22,1,11) (D 1,1,1)
