957
9
175032126
139286611
0 1 1 58 81 12 (D 1,1,1) (S 19,1,7) (S 19,7,1) (S 37,2,3) (S 37,3,2) (S 1,9,14) (S 3,14,15) (S 20,15,10) (S 44,11,5) (S 59,4,4) (S 61,8,8) (D 1,1,1)
0 1 2 62 108 15 (D 1,1,1) (S 57,2,2) (S 58,3,3) (S 11,3,9) (S 20,10,15) (S 17,15,16) (S 67,16,16) (S 12,16,19) (S 70,19,19) (S 39,19,20) (S 24,20,27) (S 76,28,28) (S 12,19,16) (S 60,7,7) (D 1,1,1)
0 1 3 70 94 9 (D 1,1,1) (S 62,10,10) (S 66,15,15) (S 14,14,13) (S 65,13,13) (S 26,13,23) (S 26,23,13) (S 14,13,14) (D 1,1,1)
0 1 4 67 93 10 (D 1,1,1) (S 45,14,24) (S 73,24,24) (S 8,24,30) (S 56,30,29) (S 27,29,34) (S 27,34,29) (S 28,29,23) (S 72,23,23) (D 1,1,1)
0 1 5 75 116 9 (D 1,1,1) (S 63,11,11) (S 4,11,17) (S 68,17,17) (S 71,20,20) (S 24,20,27) (S 75,27,27) (S 18,32,26) (D 1,1,1)
0 1 6 31 62 8 (D 1,1,1) (S 6,4,5) (S 2,5,6) (S 47,6,12) (S 64,12,12) (S 30,12,11) (S 30,11,12) (D 1,1,1)
0 1 7 67 158 11 (D 1,1,1) (S 10,25,31) (S 36,31,32) (S 18,32,26) (S 74,26,26) (S 80,32,32) (S 53,41,40) (S 87,40,40) (S 81,33,33) (S 69,18,18) (D 1,1,1)
0 1 8 52 123 8 (D 1,1,1) (S 79,31,31) (S 82,35,35) (S 15,34,35) (S 77,29,29) (S 78,30,30) (S 45,24,14) (D 1,1,1)
0 1 9 42 122 7 (D 1,1,1) (S 85,38,38) (S 86,39,39) (S 83,36,36) (S 31,36,37) (S 84,37,37) (D 1,1,1)
