631
8
66317782
24685734
0 1 1 21 32 5 (D 1,1,1) (S 1,3,4) (S 34,4,4) (S 32,2,2) (D 1,1,1)
0 1 2 35 61 6 (D 1,1,1) (S 33,3,3) (S 37,9,9) (S 5,9,10) (S 38,10,10) (D 1,1,1)
0 1 3 30 77 7 (D 1,1,1) (S 6,19,22) (S 17,22,23) (S 11,23,24) (S 45,24,24) (S 12,21,15) (D 1,1,1)
0 1 4 34 88 6 (D 1,1,1) (S 31,20,23) (S 44,23,23) (S 11,23,24) (S 35,5,5) (D 1,1,1)
0 1 5 32 77 5 (D 1,1,1) (S 19,19,20) (S 43,20,20) (S 17,23,22) (D 1,1,1)
0 1 6 33 95 7 (D 1,1,1) (S 39,11,11) (S 3,12,13) (S 40,13,13) (S 42,17,17) (S 14,16,15) (D 1,1,1)
0 1 7 40 93 7 (D 1,1,1) (S 9,11,15) (S 14,15,16) (S 18,16,12) (S 23,12,6) (S 7,6,7) (D 1,1,1)
0 1 8 27 108 8 (D 1,1,1) (S 10,21,24) (S 12,21,15) (S 8,16,17) (S 25,18,14) (S 36,8,8) (S 41,14,14) (D 1,1,1)
