8952
15
343742802
336076883
0 1 1 127 381 7 (D 1,1,1) (S 1,1,2) (S 2,2,3) (S 3,2,4) (S 4,4,5) (S 5,5,6) (D 1,1,1)
0 1 2 159 615 6 (D 1,1,1) (S 101,2,2) (S 75,4,69) (S 65,58,60) (S 66,60,61) (D 1,1,1)
0 1 3 169 665 9 (D 1,1,1) (S 96,5,5) (S 6,5,7) (S 8,8,9) (S 9,9,10) (S 10,11,12) (S 11,12,16) (S 99,16,16) (D 1,1,1)
0 1 4 0 0 1 (D 1,1,1) (D 1,1,1)
0 1 5 0 0 1 (D 1,1,1) (D 1,1,1)
0 1 6 115 661 7 (D 1,1,1) (S 7,7,8) (S 98,76,76) (S 85,76,77) (S 92,13,13) (S 14,13,77) (D 1,1,1)
0 1 7 147 654 13 (D 1,1,1) (S 46,44,45) (S 47,45,46) (S 49,46,47) (S 50,47,48) (S 51,47,49) (S 53,49,51) (S 91,51,51) (S 55,51,53) (S 95,50,50) (S 54,50,52) (S 57,52,54) (D 1,1,1)
0 1 8 172 838 9 (D 1,1,1) (S 67,60,62) (S 68,62,63) (S 69,63,64) (S 70,63,65) (S 102,65,65) (S 71,62,66) (S 72,66,68) (D 1,1,1)
0 1 9 159 965 7 (D 1,1,1) (S 81,18,72) (S 79,72,73) (S 80,73,74) (S 106,73,73) (S 18,19,20) (D 1,1,1)
0 1 10 154 797 10 (D 1,1,1) (S 21,21,22) (S 22,22,75) (S 94,75,75) (S 26,25,26) (S 29,26,28) (S 30,28,29) (S 93,29,29) (S 107,24,24) (D 1,1,1)
0 1 11 61 661 4 (D 1,1,1) (S 15,15,17) (S 97,15,15) (D 1,1,1)
0 1 12 158 907 9 (D 1,1,1) (S 24,24,25) (S 31,25,29) (S 28,26,27) (S 88,27,27) (S 33,23,31) (S 89,31,31) (S 82,23,75) (D 1,1,1)
0 1 13 170 1099 8 (D 1,1,1) (S 90,42,42) (S 36,32,34) (S 100,34,34) (S 35,32,33) (S 38,33,36) (S 40,37,38) (D 1,1,1)
0 1 14 95 709 6 (D 1,1,1) (S 104,43,43) (S 43,35,39) (S 103,37,37) (S 105,41,41) (D 1,1,1)
0 1 15 0 0 1 (D 1,1,1) (D 1,1,1)
