191
8
44832678
13986407
0 1 1 21 22 6 (D 1,1,1) (S 21,1,2) (S 31,2,2) (S 26,2,8) (S 36,8,8) (D 1,1,1)
0 1 2 24 26 5 (D 1,1,1) (S 5,1,3) (S 32,3,3) (S 14,3,11) (D 1,1,1)
0 1 3 21 24 6 (D 1,1,1) (S 18,6,9) (S 3,9,10) (S 37,10,10) (S 19,3,5) (D 1,1,1)
0 1 4 22 26 7 (D 1,1,1) (S 25,1,9) (S 24,9,11) (S 27,2,5) (S 34,5,5) (S 20,5,11) (D 1,1,1)
0 1 5 26 30 5 (D 1,1,1) (S 10,1,11) (S 30,2,4) (S 33,4,4) (D 1,1,1)
0 1 6 22 25 6 (D 1,1,1) (S 12,1,4) (S 29,4,9) (S 9,4,5) (S 23,5,10) (D 1,1,1)
0 1 7 26 29 6 (D 1,1,1) (S 6,1,7) (S 22,3,9) (S 13,4,6) (S 11,6,8) (D 1,1,1)
0 1 8 7 9 3 (D 1,1,1) (S 35,6,6) (D 1,1,1)
