35736
25
1124258655
1117886219
0 1 1 0 0 1 (D 1,1,1) (D 1,1,1)
0 1 2 726 804 5 (D 1,1,1) (S 62,38,52) (S 161,52,52) (S 160,51,51) (D 1,1,1)
0 1 3 1523 1777 11 (D 1,1,1) (S 63,39,22) (S 32,22,21) (S 145,21,21) (S 30,21,20) (S 28,20,19) (S 144,19,19) (S 25,19,4) (S 6,4,5) (S 137,6,6) (D 1,1,1)
0 1 4 1360 1639 7 (D 1,1,1) (S 96,52,53) (S 162,53,53) (S 103,54,65) (S 103,65,54) (S 153,40,40) (D 1,1,1)
0 1 5 1681 1985 8 (D 1,1,1) (S 96,52,53) (S 97,53,39) (S 35,39,23) (S 34,23,7) (S 138,7,7) (S 13,10,11) (D 1,1,1)
0 1 6 1075 1246 7 (D 1,1,1) (S 95,52,51) (S 94,51,63) (S 166,63,63) (S 94,63,51) (S 151,37,37) (D 1,1,1)
0 1 7 1384 1674 8 (D 1,1,1) (S 99,53,54) (S 104,54,66) (S 163,54,54) (S 105,55,67) (S 127,67,68) (S 168,68,68) (D 1,1,1)
0 1 8 918 1440 7 (D 1,1,1) (S 121,63,64) (S 70,54,41) (S 71,41,55) (S 167,66,66) (S 125,66,65) (D 1,1,1)
0 1 9 1613 2192 11 (D 1,1,1) (S 115,61,62) (S 165,62,62) (S 88,49,35) (S 57,35,34) (S 21,16,1) (S 2,2,3) (S 5,3,18) (S 143,18,18) (S 150,33,33) (D 1,1,1)
0 1 10 1575 1915 8 (D 1,1,1) (S 36,24,8) (S 139,8,8) (S 11,8,9) (S 12,9,10) (S 140,11,11) (S 152,39,39) (D 1,1,1)
0 1 11 1057 1495 7 (D 1,1,1) (S 67,40,24) (S 37,24,9) (S 41,26,10) (S 14,11,12) (S 16,12,28) (D 1,1,1)
0 1 12 874 1426 8 (D 1,1,1) (S 70,54,41) (S 72,41,56) (S 106,56,42) (S 74,42,43) (S 47,28,27) (S 147,27,27) (D 1,1,1)
0 1 13 1481 1589 8 (D 1,1,1) (S 115,62,61) (S 113,61,50) (S 58,36,20) (S 27,20,5) (S 136,5,5) (S 7,5,6) (D 1,1,1)
0 1 14 927 1307 6 (D 1,1,1) (S 35,39,23) (S 46,27,43) (S 75,43,69) (S 129,69,56) (D 1,1,1)
0 1 15 1349 1792 8 (D 1,1,1) (S 146,24,24) (S 15,12,13) (S 17,13,14) (S 141,14,14) (S 20,15,31) (S 154,41,41) (D 1,1,1)
0 1 16 0 0 1 (D 1,1,1) (D 1,1,1)
0 1 17 383 696 4 (D 1,1,1) (S 29,20,35) (S 56,34,48) (D 1,1,1)
0 1 18 0 0 1 (D 1,1,1) (D 1,1,1)
0 1 19 1196 1616 7 (D 1,1,1) (S 159,49,49) (S 55,34,18) (S 24,18,17) (S 1,1,2) (S 135,2,2) (D 1,1,1)
0 1 20 1467 2047 9 (D 1,1,1) (S 155,42,42) (S 77,44,45) (S 81,45,57) (S 108,57,70) (S 132,70,71) (S 133,71,58) (S 158,47,47) (D 1,1,1)
0 1 21 1557 1917 7 (D 1,1,1) (S 77,44,45) (S 156,45,45) (S 78,45,29) (S 49,29,28) (S 148,28,28) (D 1,1,1)
0 1 22 1608 2041 8 (D 1,1,1) (S 80,45,46) (S 157,46,46) (S 83,46,47) (S 84,47,31) (S 51,31,30) (S 50,30,29) (D 1,1,1)
0 1 23 1077 1573 6 (D 1,1,1) (S 81,45,57) (S 169,71,71) (S 164,58,58) (S 109,58,57) (D 1,1,1)
0 1 24 1468 1982 6 (D 1,1,1) (S 82,46,30) (S 149,30,30) (S 18,14,15) (S 142,15,15) (D 1,1,1)
0 1 25 1000 1583 5 (D 1,1,1) (S 114,61,60) (S 56,48,34) (S 134,1,1) (D 1,1,1)
