32291
23
337896321
332332668
0 1 1 769 834 4 (D 1,1,1) (S 2,1,11) (S 78,11,2) (D 1,1,1)
0 1 2 0 0 1 (D 1,1,1) (D 1,1,1)
0 1 3 0 0 1 (D 1,1,1) (D 1,1,1)
0 1 4 1241 1496 6 (D 1,1,1) (S 43,29,42) (S 68,42,43) (S 69,43,44) (S 46,31,44) (D 1,1,1)
0 1 5 0 0 1 (D 1,1,1) (D 1,1,1)
0 1 6 1245 1359 5 (D 1,1,1) (S 90,17,17) (S 23,17,29) (S 92,29,29) (D 1,1,1)
0 1 7 0 0 1 (D 1,1,1) (D 1,1,1)
0 1 8 1189 1367 5 (D 1,1,1) (S 3,2,3) (S 4,3,4) (S 5,3,12) (D 1,1,1)
0 1 9 1456 1744 7 (D 1,1,1) (S 18,13,20) (S 28,20,33) (S 94,33,33) (S 50,33,45) (S 93,32,32) (D 1,1,1)
0 1 10 1383 1747 7 (D 1,1,1) (S 17,12,19) (S 47,32,33) (S 49,33,34) (S 52,34,46) (S 71,46,47) (D 1,1,1)
0 1 11 1424 1755 5 (D 1,1,1) (S 8,5,14) (S 19,14,22) (S 30,22,23) (D 1,1,1)
0 1 12 1411 1987 9 (D 1,1,1) (S 14,11,18) (S 80,20,21) (S 29,21,34) (S 51,34,35) (S 83,35,22) (S 35,24,38) (S 66,40,53) (D 1,1,1)
0 1 13 1452 1882 7 (D 1,1,1) (S 16,12,13) (S 97,45,45) (S 86,47,48) (S 72,48,49) (S 95,35,35) (D 1,1,1)
0 1 14 1443 1901 8 (D 1,1,1) (S 13,10,17) (S 24,18,19) (S 81,21,22) (S 31,22,36) (S 57,37,38) (S 60,38,50) (D 1,1,1)
0 1 15 1248 1660 5 (D 1,1,1) (S 89,6,6) (S 9,6,7) (S 10,7,25) (D 1,1,1)
0 1 16 1457 1958 8 (D 1,1,1) (S 53,35,36) (S 55,36,48) (S 56,36,49) (S 87,49,50) (S 98,50,50) (S 73,50,51) (D 1,1,1)
0 1 17 1456 1889 6 (D 1,1,1) (S 22,17,18) (S 25,19,20) (S 32,23,24) (S 54,36,37) (D 1,1,1)
0 1 18 1468 2082 8 (D 1,1,1) (S 76,7,8) (S 20,15,16) (S 21,16,28) (S 41,28,41) (S 67,41,53) (S 75,52,53) (D 1,1,1)
0 1 19 1424 1879 5 (D 1,1,1) (S 91,25,25) (S 36,25,38) (S 59,38,39) (D 1,1,1)
0 1 20 1440 1918 6 (D 1,1,1) (S 1,1,10) (S 12,10,11) (S 87,49,50) (S 96,39,39) (D 1,1,1)
0 1 21 1366 1885 5 (D 1,1,1) (S 6,4,5) (S 63,39,51) (S 74,51,52) (D 1,1,1)
0 1 22 1455 2001 6 (D 1,1,1) (S 7,5,6) (S 37,26,27) (S 40,27,40) (S 64,40,41) (D 1,1,1)
0 1 23 795 947 4 (D 1,1,1) (S 15,11,19) (S 26,19,31) (D 1,1,1)
