196
8
43718793
9612748
0 1 1 23 25 6 (D 1,1,1) (S 1,1,7) (S 23,7,9) (S 32,9,9) (S 7,9,10) (D 1,1,1)
0 1 2 25 29 7 (D 1,1,1) (S 29,6,6) (S 8,6,9) (S 18,4,5) (S 28,5,5) (S 21,5,10) (D 1,1,1)
0 1 3 16 18 6 (D 1,1,1) (S 17,1,4) (S 14,2,3) (S 4,3,7) (S 30,7,7) (D 1,1,1)
0 1 4 11 13 3 (D 1,1,1) (S 31,8,8) (D 1,1,1)
0 1 5 24 30 7 (D 1,1,1) (S 26,3,3) (S 24,3,10) (S 33,10,10) (S 12,5,8) (S 13,8,9) (D 1,1,1)
0 1 6 17 22 4 (D 1,1,1) (S 22,3,11) (S 16,3,9) (D 1,1,1)
0 1 7 25 29 3 (D 1,1,1) (S 27,4,4) (D 1,1,1)
0 1 8 26 30 4 (D 1,1,1) (S 3,1,11) (S 25,2,2) (D 1,1,1)
