241
11
53523182
18198968
0 1 1 21 22 4 (D 1,1,1) (S 2,1,8) (S 37,8,8) (D 1,1,1)
0 1 2 0 0 1 (D 1,1,1) (D 1,1,1)
0 1 3 22 24 4 (D 1,1,1) (S 15,1,6) (S 35,6,6) (D 1,1,1)
0 1 4 27 30 7 (D 1,1,1) (S 14,1,5) (S 21,5,10) (S 8,1,2) (S 3,2,3) (S 1,3,11) (D 1,1,1)
0 1 5 19 20 5 (D 1,1,1) (S 26,1,7) (S 12,7,11) (S 39,11,11) (D 1,1,1)
0 1 6 18 23 7 (D 1,1,1) (S 5,4,10) (S 22,4,5) (S 34,5,5) (S 7,5,6) (S 24,6,9) (D 1,1,1)
0 1 7 24 26 3 (D 1,1,1) (S 31,2,2) (D 1,1,1)
0 1 8 25 27 3 (D 1,1,1) (S 33,4,4) (D 1,1,1)
0 1 9 24 28 5 (D 1,1,1) (S 16,1,10) (S 32,3,3) (S 13,3,7) (D 1,1,1)
0 1 10 14 18 3 (D 1,1,1) (S 36,7,7) (D 1,1,1)
0 1 11 21 23 4 (D 1,1,1) (S 25,1,9) (S 38,9,9) (D 1,1,1)
