255
7
43403257
13709869
0 1 1 20 31 8 (D 1,1,1) (S 9,1,2) (S 21,2,4) (S 24,4,4) (S 3,5,11) (S 13,11,12) (S 10,12,6) (D 1,1,1)
0 1 2 18 29 7 (D 1,1,1) (S 1,1,3) (S 23,3,3) (S 25,5,5) (S 17,5,6) (S 10,6,12) (D 1,1,1)
0 1 3 19 35 8 (D 1,1,1) (S 4,10,11) (S 2,11,15) (S 32,15,15) (S 7,15,21) (S 5,21,24) (S 36,20,20) (D 1,1,1)
0 1 4 18 38 6 (D 1,1,1) (S 6,10,20) (S 15,23,24) (S 37,21,21) (S 33,16,16) (D 1,1,1)
0 1 5 20 47 8 (D 1,1,1) (S 26,6,6) (S 30,12,12) (S 31,13,13) (S 20,13,14) (S 14,17,18) (S 34,18,18) (D 1,1,1)
0 1 6 12 31 5 (D 1,1,1) (S 38,22,22) (S 35,19,19) (S 29,9,9) (D 1,1,1)
0 1 7 16 44 5 (D 1,1,1) (S 27,7,7) (S 28,8,8) (S 8,14,18) (D 1,1,1)
