45088
26
2327936270
2316504216
0 1 1 896 1054 5 (D 1,1,1) (S 20,12,23) (S 133,23,23) (S 36,23,24) (D 1,1,1)
0 1 2 1377 1822 9 (D 1,1,1) (S 7,1,2) (S 115,2,2) (S 9,2,13) (S 123,13,13) (S 38,24,25) (S 144,36,36) (S 57,36,35) (D 1,1,1)
0 1 3 966 1086 5 (D 1,1,1) (S 8,2,3) (S 116,3,3) (S 10,3,14) (D 1,1,1)
0 1 4 1290 1702 8 (D 1,1,1) (S 40,26,27) (S 61,38,37) (S 143,35,35) (S 55,35,24) (S 134,24,24) (S 122,12,12) (D 1,1,1)
0 1 5 719 994 5 (D 1,1,1) (S 61,37,38) (S 146,38,38) (S 125,15,15) (D 1,1,1)
0 1 6 392 920 5 (D 1,1,1) (S 43,27,38) (S 43,38,27) (S 126,16,16) (D 1,1,1)
0 1 7 1694 2052 10 (D 1,1,1) (S 21,14,25) (S 39,25,36) (S 60,36,47) (S 78,47,58) (S 95,58,57) (S 159,57,57) (S 93,57,46) (S 151,46,46) (D 1,1,1)
0 1 8 1294 1898 9 (D 1,1,1) (S 124,14,14) (S 135,25,25) (S 57,36,35) (S 58,35,46) (S 110,69,70) (S 170,70,70) (S 160,59,59) (D 1,1,1)
0 1 9 1263 1647 7 (D 1,1,1) (S 118,5,5) (S 11,6,17) (S 128,18,18) (S 46,29,39) (S 46,39,29) (D 1,1,1)
0 1 10 1134 1362 6 (D 1,1,1) (S 117,4,4) (S 119,6,6) (S 11,6,17) (S 127,17,17) (D 1,1,1)
0 1 11 1694 2060 7 (D 1,1,1) (S 1,23,34) (S 142,34,34) (S 3,45,56) (S 4,56,67) (S 167,67,67) (D 1,1,1)
0 1 12 1536 1921 7 (D 1,1,1) (S 150,45,45) (S 158,56,56) (S 5,67,68) (S 168,68,68) (S 169,69,69) (D 1,1,1)
0 1 13 1056 1396 7 (D 1,1,1) (S 12,7,8) (S 14,8,19) (S 28,19,7) (S 120,7,7) (S 13,7,18) (D 1,1,1)
0 1 14 1633 2146 9 (D 1,1,1) (S 136,27,27) (S 137,28,28) (S 15,19,9) (S 121,10,10) (S 18,10,11) (S 35,22,21) (S 33,21,20) (D 1,1,1)
0 1 15 1714 2146 8 (D 1,1,1) (S 77,47,48) (S 80,48,59) (S 161,60,60) (S 97,60,61) (S 162,61,61) (S 83,49,60) (D 1,1,1)
0 1 16 702 971 4 (D 1,1,1) (S 75,47,46) (S 75,46,47) (D 1,1,1)
0 1 17 1717 2184 8 (D 1,1,1) (S 41,26,37) (S 145,37,37) (S 152,48,48) (S 99,61,72) (S 172,72,72) (S 171,71,71) (D 1,1,1)
0 1 18 1063 1462 6 (D 1,1,1) (S 15,9,19) (S 129,19,19) (S 48,31,20) (S 130,20,20) (D 1,1,1)
0 1 19 1723 2166 9 (D 1,1,1) (S 139,31,31) (S 49,31,32) (S 51,32,43) (S 73,43,42) (S 71,42,41) (S 148,41,41) (S 138,30,30) (D 1,1,1)
0 1 20 1573 2007 7 (D 1,1,1) (S 16,9,20) (S 2,31,42) (S 149,42,42) (S 147,40,40) (S 154,51,51) (D 1,1,1)
0 1 21 1622 2176 11 (D 1,1,1) (S 32,19,31) (S 140,32,32) (S 51,32,43) (S 156,54,54) (S 157,55,55) (S 91,55,44) (S 50,32,33) (S 132,22,22) (S 131,21,21) (D 1,1,1)
0 1 22 1680 2411 13 (D 1,1,1) (S 100,61,73) (S 86,51,62) (S 102,62,63) (S 163,63,63) (S 155,53,53) (S 89,53,54) (S 90,54,55) (S 166,66,66) (S 108,66,65) (S 164,64,64) (S 175,75,75) (D 1,1,1)
0 1 23 1094 1477 5 (D 1,1,1) (S 67,39,50) (S 153,50,50) (S 84,50,49) (D 1,1,1)
0 1 24 1357 1960 9 (D 1,1,1) (S 45,29,30) (S 47,30,31) (S 50,32,33) (S 141,33,33) (S 54,33,44) (S 92,55,66) (S 165,65,65) (D 1,1,1)
0 1 25 1445 1949 8 (D 1,1,1) (S 86,51,62) (S 103,62,73) (S 173,73,73) (S 6,73,74) (S 174,74,74) (S 113,74,63) (D 1,1,1)
0 1 26 1503 2119 6 (D 1,1,1) (S 107,65,76) (S 176,76,76) (S 177,77,77) (S 88,52,51) (D 1,1,1)
