22047
27
7752135385
7742188120
0 1 1 172 326 11 (D 1,1,1) (S 119,1,116) (S 120,116,117) (S 121,117,2) (S 288,2,2) (S 121,2,117) (S 123,117,119) (S 123,119,117) (S 120,117,116) (S 119,116,1) (D 1,1,1)
0 1 2 148 400 9 (D 1,1,1) (S 118,114,113) (S 116,113,112) (S 116,112,113) (S 117,113,103) (S 258,103,103) (S 117,103,113) (S 118,113,114) (D 1,1,1)
0 1 3 116 374 8 (D 1,1,1) (S 292,114,114) (S 115,112,107) (S 112,107,110) (S 112,110,107) (S 108,107,106) (S 287,106,106) (D 1,1,1)
0 1 4 214 696 11 (D 1,1,1) (S 114,112,110) (S 113,110,111) (S 256,111,111) (S 113,111,110) (S 114,110,112) (S 115,112,107) (S 109,107,108) (S 261,108,108) (S 111,108,109) (D 1,1,1)
0 1 5 194 677 6 (D 1,1,1) (S 109,107,108) (S 111,108,109) (S 110,108,106) (S 108,106,107) (D 1,1,1)
0 1 6 101 452 8 (D 1,1,1) (S 252,87,87) (S 94,87,86) (S 93,86,85) (S 92,85,84) (S 96,82,92) (S 95,92,89) (D 1,1,1)
0 1 7 215 756 13 (D 1,1,1) (S 269,104,104) (S 105,104,102) (S 265,102,102) (S 274,94,94) (S 104,100,99) (S 103,99,97) (S 101,97,98) (S 101,97,98) (S 100,97,96) (S 105,102,104) (S 106,104,105) (D 1,1,1)
0 1 8 233 769 11 (D 1,1,1) (S 126,124,126) (S 293,126,126) (S 126,126,124) (S 125,124,4) (S 125,4,124) (S 127,126,127) (S 128,127,128) (S 130,128,129) (S 246,127,127) (D 1,1,1)
0 1 9 224 743 19 (D 1,1,1) (S 92,85,84) (S 91,84,83) (S 89,83,81) (S 85,81,79) (S 83,79,78) (S 82,78,77) (S 82,77,78) (S 83,78,79) (S 84,79,80) (S 84,80,79) (S 85,79,81) (S 86,81,80) (S 282,80,80) (S 87,80,82) (S 88,82,83) (S 89,83,81) (S 86,81,80) (D 1,1,1)
0 1 10 233 738 16 (D 1,1,1) (S 143,125,138) (S 141,138,136) (S 139,136,134) (S 138,134,135) (S 137,135,133) (S 135,133,132) (S 135,132,133) (S 136,133,134) (S 139,134,136) (S 140,136,137) (S 140,137,136) (S 289,136,136) (S 141,136,138) (S 143,138,125) (D 1,1,1)
0 1 11 216 746 13 (D 1,1,1) (S 277,123,123) (S 132,126,130) (S 132,130,126) (S 133,126,131) (S 259,131,131) (S 133,131,126) (S 127,126,127) (S 131,127,129) (S 131,129,127) (S 134,131,132) (S 278,132,132) (D 1,1,1)
0 1 12 221 868 11 (D 1,1,1) (S 142,138,131) (S 142,131,138) (S 138,134,135) (S 137,135,133) (S 136,133,134) (S 270,133,133) (S 134,132,131) (S 128,127,128) (S 130,129,128) (D 1,1,1)
0 1 13 226 1063 12 (D 1,1,1) (S 129,128,3) (S 129,3,128) (S 81,77,46) (S 81,46,77) (S 80,77,76) (S 78,76,75) (S 254,75,75) (S 72,71,69) (S 70,69,70) (S 71,70,71) (D 1,1,1)
0 1 14 233 883 15 (D 1,1,1) (S 66,66,62) (S 63,62,63) (S 98,63,93) (S 97,93,64) (S 64,64,63) (S 64,63,64) (S 65,64,65) (S 65,65,64) (S 97,64,93) (S 98,93,63) (S 63,63,62) (S 62,62,57) (S 62,57,62) (D 1,1,1)
0 1 15 229 885 18 (D 1,1,1) (S 67,66,67) (S 67,67,66) (S 66,66,62) (S 55,57,58) (S 147,58,70) (S 70,70,69) (S 69,69,67) (S 68,67,68) (S 68,68,67) (S 69,67,69) (S 72,69,71) (S 73,71,72) (S 74,72,73) (S 76,73,74) (S 76,74,73) (S 74,73,72) (D 1,1,1)
0 1 16 157 722 12 (D 1,1,1) (S 104,100,99) (S 255,99,99) (S 102,99,96) (S 99,96,95) (S 263,95,95) (S 99,95,96) (S 247,96,96) (S 100,96,97) (S 103,97,99) (S 102,99,96) (D 1,1,1)
0 1 17 232 937 12 (D 1,1,1) (S 245,71,71) (S 75,72,74) (S 79,74,76) (S 79,76,74) (S 75,74,72) (S 267,70,70) (S 147,70,58) (S 56,58,59) (S 60,59,61) (S 60,61,59) (D 1,1,1)
0 1 18 233 1027 14 (D 1,1,1) (S 94,87,86) (S 90,84,82) (S 87,82,80) (S 80,77,76) (S 78,76,75) (S 77,73,44) (S 291,44,44) (S 30,36,38) (S 31,38,39) (S 257,39,39) (S 34,38,41) (S 253,41,41) (D 1,1,1)
0 1 19 217 832 13 (D 1,1,1) (S 262,120,120) (S 284,122,122) (S 91,84,83) (S 271,77,77) (S 43,46,47) (S 275,38,38) (S 250,36,36) (S 264,35,35) (S 88,83,82) (S 90,82,84) (S 93,85,86) (D 1,1,1)
0 1 20 107 315 4 (D 1,1,1) (S 122,117,118) (S 124,118,114) (D 1,1,1)
0 1 21 220 987 17 (D 1,1,1) (S 40,44,45) (S 268,45,45) (S 58,45,60) (S 59,60,61) (S 290,61,61) (S 61,61,49) (S 47,48,50) (S 48,50,51) (S 285,51,51) (S 49,52,53) (S 50,53,140) (S 145,140,54) (S 52,54,55) (S 52,55,54) (S 53,55,56) (D 1,1,1)
0 1 22 165 848 11 (D 1,1,1) (S 107,106,105) (S 106,105,104) (S 54,57,56) (S 53,56,55) (S 144,55,140) (S 286,49,49) (S 61,49,61) (S 59,61,60) (S 58,60,45) (D 1,1,1)
0 1 23 210 1026 11 (D 1,1,1) (S 110,108,106) (S 107,106,105) (S 55,57,58) (S 54,57,56) (S 144,55,140) (S 145,140,54) (S 248,48,48) (S 57,59,60) (S 57,60,59) (D 1,1,1)
0 1 24 201 1221 13 (D 1,1,1) (S 146,11,27) (S 18,27,28) (S 281,28,28) (S 20,28,30) (S 276,30,30) (S 22,30,32) (S 280,32,32) (S 21,30,31) (S 272,25,25) (S 17,25,27) (S 41,34,45) (D 1,1,1)
0 1 25 234 1231 13 (D 1,1,1) (S 71,71,70) (S 56,58,59) (S 5,11,12) (S 266,12,12) (S 10,12,20) (S 12,20,22) (S 251,20,20) (S 13,20,24) (S 279,24,24) (S 6,12,13) (S 249,13,13) (D 1,1,1)
0 1 26 225 1325 9 (D 1,1,1) (S 122,117,118) (S 73,71,72) (S 146,11,27) (S 11,20,21) (S 244,21,21) (S 7,13,14) (S 283,14,14) (D 1,1,1)
0 1 27 224 1200 9 (D 1,1,1) (S 95,89,92) (S 96,92,82) (S 25,34,139) (S 260,7,7) (S 273,8,8) (S 77,44,73) (S 124,118,114) (D 1,1,1)
