524
10
198542833
163214456
0 1 1 44 60 12 (D 1,1,1) (S 10,1,31) (S 40,31,5) (S 51,5,5) (S 17,5,10) (S 22,10,14) (S 41,10,16) (S 58,16,16) (S 45,17,11) (S 29,11,12) (S 55,12,12) (D 1,1,1)
0 1 2 50 65 8 (D 1,1,1) (S 19,1,30) (S 64,30,30) (S 42,29,28) (S 24,28,26) (S 62,26,26) (S 63,27,27) (D 1,1,1)
0 1 3 22 30 6 (D 1,1,1) (S 44,1,2) (S 30,2,3) (S 3,3,4) (S 50,4,4) (D 1,1,1)
0 1 4 28 31 6 (D 1,1,1) (S 44,1,2) (S 30,2,3) (S 49,3,3) (S 48,2,2) (D 1,1,1)
0 1 5 29 48 6 (D 1,1,1) (S 53,7,7) (S 23,6,11) (S 23,11,6) (S 52,6,6) (D 1,1,1)
0 1 6 45 79 10 (D 1,1,1) (S 17,5,10) (S 22,10,14) (S 57,15,15) (S 56,14,14) (S 13,10,11) (S 34,12,18) (S 59,18,18) (S 29,12,11) (D 1,1,1)
0 1 7 25 48 5 (D 1,1,1) (S 8,23,25) (S 61,25,25) (S 20,23,26) (D 1,1,1)
0 1 8 47 73 7 (D 1,1,1) (S 16,9,13) (S 1,13,19) (S 6,19,21) (S 36,21,18) (S 54,8,8) (D 1,1,1)
0 1 9 49 90 7 (D 1,1,1) (S 26,5,6) (S 34,12,18) (S 2,21,22) (S 60,19,19) (S 9,4,13) (D 1,1,1)
0 1 10 0 0 1 (D 1,1,1) (D 1,1,1)
