415
10
52240781
24513610
0 1 1 0 0 1 (D 1,1,1) (D 1,1,1)
0 1 2 23 58 8 (D 1,1,1) (S 10,1,15) (S 38,15,15) (S 37,14,14) (S 17,14,21) (S 42,21,21) (S 39,16,16) (D 1,1,1)
0 1 3 14 21 5 (D 1,1,1) (S 20,1,24) (S 7,24,27) (S 46,27,27) (D 1,1,1)
0 1 4 23 45 5 (D 1,1,1) (S 41,19,19) (S 32,3,3) (S 22,3,8) (D 1,1,1)
0 1 5 25 52 6 (D 1,1,1) (S 11,3,6) (S 29,6,10) (S 18,10,11) (S 33,4,4) (D 1,1,1)
0 1 6 22 42 5 (D 1,1,1) (S 26,3,4) (S 8,4,5) (S 34,5,5) (D 1,1,1)
0 1 7 22 48 6 (D 1,1,1) (S 43,23,23) (S 19,22,25) (S 44,25,25) (S 45,26,26) (D 1,1,1)
0 1 8 25 61 7 (D 1,1,1) (S 1,6,7) (S 35,7,7) (S 3,6,9) (S 31,5,9) (S 36,8,8) (D 1,1,1)
0 1 9 25 51 5 (D 1,1,1) (S 5,14,18) (S 40,18,18) (S 6,18,25) (D 1,1,1)
0 1 10 18 37 5 (D 1,1,1) (S 9,1,17) (S 24,15,20) (S 4,20,21) (D 1,1,1)
