797
10
464176525
429963643
0 1 1 50 59 15 (D 1,1,1) (S 29,1,16) (S 34,16,15) (S 30,15,23) (S 111,28,28) (S 65,28,27) (S 65,27,28) (S 73,28,22) (S 106,22,22) (S 50,22,14) (S 23,14,23) (S 83,23,24) (S 43,24,29) (S 48,29,23) (D 1,1,1)
0 1 2 58 69 14 (D 1,1,1) (S 37,1,9) (S 47,9,13) (S 52,13,8) (S 88,8,9) (S 99,9,9) (S 37,9,1) (S 57,1,5) (S 31,3,2) (S 15,2,5) (S 57,5,1) (S 29,1,16) (S 34,16,15) (D 1,1,1)
0 1 3 62 83 15 (D 1,1,1) (S 47,9,13) (S 102,13,13) (S 11,13,21) (S 46,20,25) (S 51,25,33) (S 114,33,33) (S 4,33,41) (S 2,41,42) (S 60,34,35) (S 54,35,43) (S 54,43,35) (S 36,36,38) (S 72,38,37) (D 1,1,1)
0 1 4 43 70 9 (D 1,1,1) (S 32,10,11) (S 101,11,11) (S 39,12,7) (S 39,7,12) (S 6,12,19) (S 1,17,31) (S 40,31,39) (D 1,1,1)
0 1 5 57 83 15 (D 1,1,1) (S 27,14,15) (S 30,15,23) (S 48,23,29) (S 112,29,29) (S 64,29,37) (S 64,37,29) (S 119,47,47) (S 40,39,31) (S 49,31,32) (S 58,32,19) (S 58,19,32) (S 49,32,31) (S 81,17,10) (D 1,1,1)
0 1 6 68 88 12 (D 1,1,1) (S 38,5,6) (S 98,6,6) (S 44,3,4) (S 44,4,3) (S 31,3,2) (S 16,5,10) (S 100,10,10) (S 104,17,17) (S 3,17,24) (S 108,24,24) (D 1,1,1)
0 1 7 53 90 13 (D 1,1,1) (S 103,15,15) (S 107,23,23) (S 110,27,27) (S 10,35,36) (S 45,45,49) (S 67,49,48) (S 120,49,49) (S 67,49,48) (S 63,48,43) (S 46,25,20) (S 50,22,14) (D 1,1,1)
0 1 8 57 86 9 (D 1,1,1) (S 61,16,17) (S 113,30,30) (S 115,39,39) (S 56,39,38) (S 18,38,46) (S 21,46,50) (S 121,50,50) (D 1,1,1)
0 1 9 48 95 10 (D 1,1,1) (S 52,13,8) (S 105,21,21) (S 28,21,26) (S 109,26,26) (S 118,46,46) (S 117,45,45) (S 45,45,49) (S 72,38,37) (D 1,1,1)
0 1 10 38 74 8 (D 1,1,1) (S 83,23,24) (S 36,38,36) (S 8,36,44) (S 63,43,48) (S 35,43,44) (S 116,44,44) (D 1,1,1)
