313
10
74802604
42511631
0 1 1 16 24 6 (D 1,1,1) (S 39,2,2) (S 24,4,5) (S 40,4,4) (S 20,4,19) (D 1,1,1)
0 1 2 22 30 6 (D 1,1,1) (S 1,1,3) (S 27,3,6) (S 30,6,9) (S 11,4,12) (D 1,1,1)
0 1 3 0 0 1 (D 1,1,1) (D 1,1,1)
0 1 4 23 34 6 (D 1,1,1) (S 17,1,27) (S 42,8,8) (S 28,8,9) (S 19,5,6) (D 1,1,1)
0 1 5 0 0 1 (D 1,1,1) (D 1,1,1)
0 1 6 21 41 5 (D 1,1,1) (S 41,6,6) (S 15,7,11) (S 43,10,10) (D 1,1,1)
0 1 7 19 49 6 (D 1,1,1) (S 33,1,17) (S 6,15,20) (S 23,20,21) (S 45,16,16) (D 1,1,1)
0 1 8 19 39 5 (D 1,1,1) (S 10,1,19) (S 36,6,8) (S 47,26,26) (D 1,1,1)
0 1 9 21 50 7 (D 1,1,1) (S 22,1,24) (S 29,22,25) (S 4,14,20) (S 9,21,25) (S 38,13,15) (D 1,1,1)
0 1 10 23 46 6 (D 1,1,1) (S 34,12,13) (S 44,14,14) (S 16,21,22) (S 46,23,23) (D 1,1,1)
