319
10
68692350
31408412
0 1 1 26 35 6 (D 1,1,1) (S 24,1,19) (S 3,4,5) (S 34,5,5) (S 39,12,12) (D 1,1,1)
0 1 2 0 0 1 (D 1,1,1) (D 1,1,1)
0 1 3 26 32 5 (D 1,1,1) (S 33,4,4) (S 31,2,2) (S 17,2,1) (D 1,1,1)
0 1 4 0 0 1 (D 1,1,1) (D 1,1,1)
0 1 5 27 43 7 (D 1,1,1) (S 6,1,15) (S 8,15,20) (S 43,20,20) (S 44,21,21) (S 40,14,14) (D 1,1,1)
0 1 6 26 54 5 (D 1,1,1) (S 26,14,18) (S 2,18,21) (S 41,17,17) (D 1,1,1)
0 1 7 22 44 7 (D 1,1,1) (S 38,10,10) (S 21,6,9) (S 13,5,9) (S 37,8,8) (S 20,8,24) (D 1,1,1)
0 1 8 26 45 5 (D 1,1,1) (S 14,1,24) (S 32,3,3) (S 35,6,6) (D 1,1,1)
0 1 9 0 0 1 (D 1,1,1) (D 1,1,1)
0 1 10 26 66 7 (D 1,1,1) (S 18,1,27) (S 42,18,18) (S 45,22,22) (S 11,23,26) (S 36,7,7) (D 1,1,1)
