22858
11
114800492
109108560
0 1 1 1730 1881 8 (D 1,1,1) (S 3,1,11) (S 44,11,11) (S 10,11,12) (S 45,12,12) (S 36,2,2) (S 4,2,1) (D 1,1,1)
0 1 2 1026 1184 6 (D 1,1,1) (S 11,11,20) (S 52,20,20) (S 15,20,28) (S 60,28,28) (D 1,1,1)
0 1 3 1689 2121 9 (D 1,1,1) (S 53,21,21) (S 61,29,29) (S 23,29,30) (S 24,30,31) (S 63,31,31) (S 69,39,39) (S 68,38,38) (D 1,1,1)
0 1 4 1555 1931 6 (D 1,1,1) (S 46,13,13) (S 47,15,15) (S 13,15,16) (S 48,16,16) (D 1,1,1)
0 1 5 1089 1396 6 (D 1,1,1) (S 39,6,6) (S 6,6,5) (S 38,5,5) (S 37,4,4) (D 1,1,1)
0 1 6 1654 2103 7 (D 1,1,1) (S 54,22,22) (S 16,22,23) (S 17,24,33) (S 64,32,32) (S 62,30,30) (D 1,1,1)
0 1 7 1841 2398 9 (D 1,1,1) (S 6,5,6) (S 40,7,7) (S 42,9,9) (S 49,17,17) (S 58,26,26) (S 21,27,19) (S 51,19,19) (D 1,1,1)
0 1 8 1848 2480 9 (D 1,1,1) (S 24,30,31) (S 70,40,40) (S 71,41,41) (S 31,41,33) (S 17,24,33) (S 28,33,34) (S 57,25,25) (D 1,1,1)
0 1 9 1670 2198 7 (D 1,1,1) (S 41,8,8) (S 9,8,10) (S 43,10,10) (S 14,19,18) (S 50,18,18) (D 1,1,1)
0 1 10 1907 2602 8 (D 1,1,1) (S 56,24,24) (S 66,35,35) (S 67,36,36) (S 29,36,43) (S 73,43,43) (S 33,43,42) (D 1,1,1)
0 1 11 1859 2564 8 (D 1,1,1) (S 59,27,27) (S 29,36,43) (S 33,43,42) (S 72,42,42) (S 65,33,33) (S 55,23,23) (D 1,1,1)
