214
7
80572911
27108605
0 1 1 10 14 6 (D 1,1,1) (S 10,1,2) (S 30,2,2) (S 32,4,4) (S 31,3,3) (D 1,1,1)
0 1 2 18 29 5 (D 1,1,1) (S 33,5,5) (S 36,10,10) (S 35,9,9) (D 1,1,1)
0 1 3 17 29 8 (D 1,1,1) (S 8,10,11) (S 37,11,11) (S 21,11,12) (S 17,12,6) (S 17,6,12) (S 21,12,11) (D 1,1,1)
0 1 4 19 42 7 (D 1,1,1) (S 7,6,7) (S 20,7,8) (S 34,8,8) (S 5,8,14) (S 13,13,12) (D 1,1,1)
0 1 5 19 36 8 (D 1,1,1) (S 22,4,5) (S 3,9,19) (S 40,19,19) (S 16,20,23) (S 11,22,23) (S 16,23,20) (D 1,1,1)
0 1 6 6 29 5 (D 1,1,1) (S 38,15,15) (S 2,16,17) (S 39,17,17) (D 1,1,1)
0 1 7 13 35 6 (D 1,1,1) (S 13,12,13) (S 12,13,17) (S 4,15,21) (S 41,21,21) (D 1,1,1)
