368
10
63076101
32617276
0 1 1 0 0 1 (D 1,1,1) (D 1,1,1)
0 1 2 20 26 6 (D 1,1,1) (S 8,1,3) (S 9,3,8) (S 1,8,24) (S 46,24,24) (D 1,1,1)
0 1 3 25 56 9 (D 1,1,1) (S 36,2,2) (S 13,12,13) (S 23,13,14) (S 21,14,16) (S 42,16,16) (S 5,18,21) (S 27,18,25) (D 1,1,1)
0 1 4 20 28 3 (D 1,1,1) (S 37,4,4) (D 1,1,1)
0 1 5 24 44 7 (D 1,1,1) (S 18,1,19) (S 15,4,10) (S 28,10,11) (S 25,6,7) (S 39,7,7) (D 1,1,1)
0 1 6 23 39 7 (D 1,1,1) (S 19,5,9) (S 34,5,6) (S 20,6,8) (S 40,8,8) (S 24,8,27) (D 1,1,1)
0 1 7 21 41 5 (D 1,1,1) (S 35,24,27) (S 11,3,6) (S 38,6,6) (D 1,1,1)
0 1 8 25 45 6 (D 1,1,1) (S 26,1,17) (S 32,15,20) (S 43,20,20) (S 22,13,15) (D 1,1,1)
0 1 9 26 51 6 (D 1,1,1) (S 41,14,14) (S 44,21,21) (S 7,21,25) (S 12,25,26) (D 1,1,1)
0 1 10 19 38 4 (D 1,1,1) (S 45,22,22) (S 3,23,24) (D 1,1,1)
