22176
46
5260215796
5248459453
0 1 1 0 0 1 (D 1,1,1) (D 1,1,1)
0 1 2 0 0 1 (D 1,1,1) (D 1,1,1)
0 1 3 0 0 1 (D 1,1,1) (D 1,1,1)
0 1 4 74 196 6 (D 1,1,1) (S 151,1,116) (S 152,116,117) (S 156,117,119) (S 225,119,119) (D 1,1,1)
0 1 5 111 497 8 (D 1,1,1) (S 153,115,117) (S 155,117,118) (S 135,102,104) (S 136,104,105) (S 142,107,110) (S 143,110,111) (D 1,1,1)
0 1 6 74 310 5 (D 1,1,1) (S 203,115,115) (S 139,107,108) (S 198,108,108) (D 1,1,1)
0 1 7 0 0 1 (D 1,1,1) (D 1,1,1)
0 1 8 0 0 1 (D 1,1,1) (D 1,1,1)
0 1 9 0 0 1 (D 1,1,1) (D 1,1,1)
0 1 10 85 364 7 (D 1,1,1) (S 157,119,120) (S 161,120,121) (S 164,122,123) (S 165,123,124) (S 224,124,124) (D 1,1,1)
0 1 11 119 505 6 (D 1,1,1) (S 166,120,123) (S 183,136,137) (S 219,136,136) (S 223,123,123) (D 1,1,1)
0 1 12 119 561 4 (D 1,1,1) (S 141,108,109) (S 237,109,109) (D 1,1,1)
0 1 13 115 544 7 (D 1,1,1) (S 134,91,103) (S 213,101,101) (S 208,94,94) (S 129,94,100) (S 212,106,106) (D 1,1,1)
0 1 14 0 0 1 (D 1,1,1) (D 1,1,1)
0 1 15 101 517 7 (D 1,1,1) (S 195,67,67) (S 83,67,69) (S 216,69,69) (S 214,90,90) (S 197,118,118) (D 1,1,1)
0 1 16 97 591 8 (D 1,1,1) (S 169,124,126) (S 170,126,127) (S 171,127,128) (S 173,128,129) (S 178,132,133) (S 180,133,135) (D 1,1,1)
0 1 17 115 531 6 (D 1,1,1) (S 236,126,126) (S 175,126,130) (S 176,126,131) (S 226,131,131) (D 1,1,1)
0 1 18 109 527 7 (D 1,1,1) (S 167,123,125) (S 186,125,138) (S 181,134,135) (S 200,135,135) (S 182,134,136) (D 1,1,1)
0 1 19 111 497 8 (D 1,1,1) (S 103,82,83) (S 231,83,83) (S 204,81,81) (S 234,79,79) (S 99,79,80) (S 105,82,84) (D 1,1,1)
0 1 20 0 0 1 (D 1,1,1) (D 1,1,1)
0 1 21 0 0 1 (D 1,1,1) (D 1,1,1)
0 1 22 47 366 4 (D 1,1,1) (S 110,86,88) (S 111,88,89) (D 1,1,1)
0 1 23 120 645 8 (D 1,1,1) (S 122,94,95) (S 123,95,96) (S 124,96,97) (S 125,97,98) (S 126,96,99) (S 128,99,100) (D 1,1,1)
0 1 24 0 0 1 (D 1,1,1) (D 1,1,1)
0 1 25 0 0 1 (D 1,1,1) (D 1,1,1)
0 1 26 116 639 7 (D 1,1,1) (S 86,69,71) (S 92,71,75) (S 93,75,76) (S 196,76,76) (S 95,76,77) (D 1,1,1)
0 1 27 70 613 5 (D 1,1,1) (S 101,80,81) (S 50,43,44) (S 206,44,44) (D 1,1,1)
0 1 28 0 0 1 (D 1,1,1) (D 1,1,1)
0 1 29 119 752 10 (D 1,1,1) (S 202,63,63) (S 77,63,64) (S 187,55,140) (S 240,140,140) (S 191,54,54) (S 68,57,58) (S 190,58,70) (S 85,70,71) (D 1,1,1)
0 1 30 92 757 8 (D 1,1,1) (S 194,84,84) (S 118,84,92) (S 54,46,47) (S 45,38,41) (S 217,41,41) (S 49,37,43) (D 1,1,1)
0 1 31 106 749 9 (D 1,1,1) (S 38,35,36) (S 41,36,38) (S 42,38,39) (S 227,39,39) (S 43,39,40) (S 44,40,41) (S 220,38,38) (D 1,1,1)
0 1 32 0 0 1 (D 1,1,1) (D 1,1,1)
0 1 33 112 711 7 (D 1,1,1) (S 87,71,72) (S 205,72,72) (S 94,74,76) (S 239,35,35) (S 39,35,37) (D 1,1,1)
0 1 34 0 0 1 (D 1,1,1) (D 1,1,1)
0 1 35 119 837 8 (D 1,1,1) (S 188,54,140) (S 59,48,50) (S 60,50,51) (S 229,51,51) (S 61,51,52) (S 193,53,53) (D 1,1,1)
0 1 36 67 737 4 (D 1,1,1) (S 36,34,139) (S 235,139,139) (D 1,1,1)
0 1 37 117 1011 7 (D 1,1,1) (S 69,58,59) (S 70,59,60) (S 30,28,30) (S 33,30,32) (S 238,30,30) (D 1,1,1)
0 1 38 120 1052 7 (D 1,1,1) (S 207,66,66) (S 81,66,67) (S 89,72,74) (S 228,6,6) (S 2,6,7) (D 1,1,1)
0 1 39 105 991 6 (D 1,1,1) (S 7,11,12) (S 209,12,12) (S 18,12,20) (S 8,12,13) (D 1,1,1)
0 1 40 117 1072 9 (D 1,1,1) (S 9,13,14) (S 232,14,14) (S 192,13,13) (S 13,13,17) (S 14,13,16) (S 5,9,10) (S 222,11,11) (D 1,1,1)
0 1 41 84 1004 6 (D 1,1,1) (S 31,30,31) (S 199,31,31) (S 215,45,45) (S 211,60,60) (D 1,1,1)
0 1 42 120 1096 7 (D 1,1,1) (S 84,69,70) (S 233,59,59) (S 73,59,61) (S 25,25,26) (S 201,26,26) (D 1,1,1)
0 1 43 114 1080 6 (D 1,1,1) (S 78,64,65) (S 4,8,9) (S 230,9,9) (S 17,10,19) (D 1,1,1)
0 1 44 120 1315 7 (D 1,1,1) (S 51,44,45) (S 221,5,5) (S 11,15,16) (S 15,17,18) (S 19,20,21) (D 1,1,1)
0 1 45 0 0 1 (D 1,1,1) (D 1,1,1)
0 1 46 114 1109 7 (D 1,1,1) (S 88,72,73) (S 189,11,27) (S 20,20,22) (S 218,22,22) (S 210,50,50) (D 1,1,1)
