29478
17
479266698
467731474
0 1 1 1298 1404 8 (D 1,1,1) (S 108,59,59) (S 38,59,60) (S 39,60,61) (S 42,61,74) (S 53,74,73) (S 112,73,73) (D 1,1,1)
0 1 2 1182 1561 9 (D 1,1,1) (S 111,69,69) (S 51,69,68) (S 49,68,67) (S 61,81,82) (S 35,57,70) (S 52,70,83) (S 67,85,86) (D 1,1,1)
0 1 3 0 0 1 (D 1,1,1) (D 1,1,1)
0 1 4 1743 2167 10 (D 1,1,1) (S 40,61,48) (S 100,35,35) (S 18,36,37) (S 19,37,38) (S 101,39,39) (S 30,52,51) (S 44,63,64) (S 47,65,78) (D 1,1,1)
0 1 5 993 1149 5 (D 1,1,1) (S 41,61,62) (S 109,62,62) (S 43,62,75) (D 1,1,1)
0 1 6 1428 1805 8 (D 1,1,1) (S 50,69,56) (S 106,56,56) (S 107,57,57) (S 24,44,43) (S 23,43,42) (S 21,42,41) (D 1,1,1)
0 1 7 1795 2217 7 (D 1,1,1) (S 104,42,42) (S 20,42,29) (S 97,29,29) (S 98,30,30) (S 99,33,33) (D 1,1,1)
0 1 8 1442 1891 9 (D 1,1,1) (S 69,87,88) (S 117,88,88) (S 71,88,89) (S 114,77,77) (S 54,76,63) (S 45,64,51) (S 27,47,46) (D 1,1,1)
0 1 9 1493 1879 9 (D 1,1,1) (S 64,83,84) (S 78,97,110) (S 83,110,111) (S 85,113,114) (S 126,114,114) (S 80,102,101) (S 113,74,74) (D 1,1,1)
0 1 10 1046 1462 5 (D 1,1,1) (S 95,18,18) (S 94,16,16) (S 96,27,27) (D 1,1,1)
0 1 11 632 930 4 (D 1,1,1) (S 110,63,63) (S 46,65,52) (D 1,1,1)
0 1 12 1512 1852 9 (D 1,1,1) (S 48,67,66) (S 59,79,80) (S 60,80,81) (S 62,81,94) (S 75,93,80) (S 115,80,80) (S 116,81,81) (D 1,1,1)
0 1 13 1744 2321 8 (D 1,1,1) (S 25,45,44) (S 105,43,43) (S 103,41,41) (S 102,40,40) (S 118,92,92) (S 125,109,109) (D 1,1,1)
0 1 14 1547 2037 9 (D 1,1,1) (S 90,6,6) (S 91,8,8) (S 92,10,10) (S 4,10,11) (S 93,12,12) (S 5,13,26) (S 11,26,25) (D 1,1,1)
0 1 15 1773 2346 9 (D 1,1,1) (S 65,83,96) (S 122,105,105) (S 82,107,108) (S 124,108,108) (S 86,115,116) (S 127,116,116) (S 121,104,104) (D 1,1,1)
0 1 16 1789 2715 7 (D 1,1,1) (S 17,33,20) (S 89,1,1) (S 123,107,107) (S 87,116,117) (S 88,117,104) (D 1,1,1)
0 1 17 1404 1742 6 (D 1,1,1) (S 73,90,91) (S 81,104,103) (S 120,101,101) (S 119,99,99) (D 1,1,1)
