37996
26
273553823
264927458
0 1 1 0 0 1 (D 1,1,1) (D 1,1,1)
0 1 2 0 0 1 (D 1,1,1) (D 1,1,1)
0 1 3 1524 1753 7 (D 1,1,1) (S 105,16,16) (S 29,16,25) (S 45,25,34) (S 102,34,43) (S 75,43,44) (D 1,1,1)
0 1 4 0 0 1 (D 1,1,1) (D 1,1,1)
0 1 5 0 0 1 (D 1,1,1) (D 1,1,1)
0 1 6 0 0 1 (D 1,1,1) (D 1,1,1)
0 1 7 1298 1536 5 (D 1,1,1) (S 17,10,19) (S 33,19,28) (S 49,28,29) (D 1,1,1)
0 1 8 0 0 1 (D 1,1,1) (D 1,1,1)
0 1 9 1588 1887 6 (D 1,1,1) (S 31,17,26) (S 46,26,35) (S 65,36,45) (S 32,18,19) (D 1,1,1)
0 1 10 1501 1735 6 (D 1,1,1) (S 1,1,2) (S 3,2,3) (S 9,4,12) (S 20,12,21) (D 1,1,1)
0 1 11 1465 1736 5 (D 1,1,1) (S 19,11,20) (S 35,20,29) (S 51,29,30) (D 1,1,1)
0 1 12 1490 1714 5 (D 1,1,1) (S 4,2,9) (S 5,3,4) (S 7,4,5) (D 1,1,1)
0 1 13 1558 1903 7 (D 1,1,1) (S 106,25,25) (S 76,43,50) (S 89,50,51) (S 90,51,52) (S 91,52,53) (D 1,1,1)
0 1 14 1580 1876 5 (D 1,1,1) (S 62,35,36) (S 64,36,37) (S 15,9,10) (D 1,1,1)
0 1 15 1621 2000 6 (D 1,1,1) (S 10,5,6) (S 13,7,8) (S 14,8,15) (S 43,24,33) (D 1,1,1)
0 1 16 1647 1954 6 (D 1,1,1) (S 2,1,16) (S 28,16,17) (S 77,44,45) (S 80,45,52) (D 1,1,1)
0 1 17 1635 2176 7 (D 1,1,1) (S 48,27,36) (S 79,45,46) (S 92,53,54) (S 94,55,56) (S 67,38,39) (D 1,1,1)
0 1 18 1509 1873 6 (D 1,1,1) (S 47,27,28) (S 50,28,37) (S 69,38,47) (S 82,46,52) (D 1,1,1)
0 1 19 1592 1954 6 (D 1,1,1) (S 16,9,18) (S 107,30,30) (S 54,30,39) (S 70,39,40) (D 1,1,1)
0 1 20 1464 1829 6 (D 1,1,1) (S 100,26,27) (S 53,30,31) (S 39,22,32) (S 104,12,12) (D 1,1,1)
0 1 21 1500 1869 5 (D 1,1,1) (S 24,14,15) (S 27,15,24) (S 42,24,32) (D 1,1,1)
0 1 22 1633 2109 7 (D 1,1,1) (S 8,4,11) (S 36,21,30) (S 59,32,42) (S 74,42,49) (S 88,49,56) (D 1,1,1)
0 1 23 1508 1931 6 (D 1,1,1) (S 21,12,22) (S 55,31,40) (S 72,40,48) (S 86,48,49) (D 1,1,1)
0 1 24 1561 2086 7 (D 1,1,1) (S 25,14,23) (S 40,23,24) (S 58,32,41) (S 87,48,55) (S 85,47,54) (D 1,1,1)
0 1 25 1567 2046 6 (D 1,1,1) (S 66,37,46) (S 84,47,48) (S 73,41,42) (S 37,22,23) (D 1,1,1)
0 1 26 1596 2029 7 (D 1,1,1) (S 18,10,20) (S 34,20,21) (S 52,29,38) (S 103,37,38) (S 71,40,41) (D 1,1,1)
