305
9
27620613
23381005
0 1 1 25 46 8 (D 1,1,1) (S 6,1,7) (S 20,7,3) (S 23,3,11) (S 49,11,11) (S 17,11,2) (S 1,2,1) (D 1,1,1)
0 1 2 26 39 5 (D 1,1,1) (S 9,1,10) (S 50,10,10) (S 43,10,9) (D 1,1,1)
0 1 3 5 10 4 (D 1,1,1) (S 8,1,9) (S 46,9,9) (D 1,1,1)
0 1 4 21 40 5 (D 1,1,1) (S 10,1,11) (S 34,11,5) (S 31,5,7) (D 1,1,1)
0 1 5 14 29 6 (D 1,1,1) (S 5,1,6) (S 48,6,6) (S 18,3,4) (S 3,4,1) (D 1,1,1)
0 1 6 15 35 6 (D 1,1,1) (S 7,1,8) (S 27,8,4) (S 29,4,10) (S 40,10,7) (D 1,1,1)
0 1 7 9 12 4 (D 1,1,1) (S 47,8,8) (S 32,8,5) (D 1,1,1)
0 1 8 23 59 7 (D 1,1,1) (S 36,8,6) (S 39,7,9) (S 19,5,3) (S 11,3,2) (S 12,2,4) (D 1,1,1)
0 1 9 18 35 5 (D 1,1,1) (S 45,5,5) (S 13,5,2) (S 41,7,11) (D 1,1,1)
