18981
10
63817008
59897783
0 1 1 1415 1890 9 (D 1,1,1) (S 5,1,2) (S 43,2,2) (S 6,3,4) (S 45,4,4) (S 14,10,16) (S 24,16,22) (S 30,22,23) (D 1,1,1)
0 1 2 806 1146 5 (D 1,1,1) (S 48,7,7) (S 9,7,13) (S 19,13,14) (D 1,1,1)
0 1 3 1797 2235 9 (D 1,1,1) (S 44,3,3) (S 12,9,14) (S 20,14,15) (S 53,15,15) (S 23,16,17) (S 54,17,17) (S 1,17,18) (D 1,1,1)
0 1 4 1639 2233 9 (D 1,1,1) (S 49,8,8) (S 10,8,7) (S 51,13,13) (S 52,14,14) (S 14,16,10) (S 17,11,12) (S 50,12,12) (D 1,1,1)
0 1 5 1557 2203 7 (D 1,1,1) (S 17,11,12) (S 26,18,25) (S 61,25,25) (S 60,24,24) (S 34,24,17) (D 1,1,1)
0 1 6 1855 2465 8 (D 1,1,1) (S 46,5,5) (S 47,6,6) (S 7,6,12) (S 55,18,18) (S 36,25,24) (S 35,24,23) (D 1,1,1)
0 1 7 1880 2447 10 (D 1,1,1) (S 27,20,19) (S 56,19,19) (S 2,19,27) (S 62,27,27) (S 3,27,28) (S 63,28,28) (S 4,28,29) (S 39,29,30) (D 1,1,1)
0 1 8 1342 1871 7 (D 1,1,1) (S 21,14,20) (S 28,20,28) (S 58,22,22) (S 30,22,23) (S 59,23,23) (D 1,1,1)
0 1 9 1844 2491 7 (D 1,1,1) (S 57,21,21) (S 64,30,30) (S 41,30,31) (S 65,31,31) (S 42,31,32) (D 1,1,1)
0 1 10 0 0 1 (D 1,1,1) (D 1,1,1)
