882
10
847290493
781522586
0 1 1 73 98 16 (D 1,1,1) (S 49,6,13) (S 29,13,14) (S 99,14,14) (S 22,14,22) (S 106,22,22) (S 35,22,31) (S 30,31,23) (S 107,23,23) (S 55,23,24) (S 18,24,25) (S 24,25,28) (S 109,28,28) (S 56,28,38) (S 38,7,6) (D 1,1,1)
0 1 2 75 105 17 (D 1,1,1) (S 38,6,7) (S 94,7,7) (S 4,8,14) (S 100,15,15) (S 27,15,16) (S 34,16,9) (S 34,9,16) (S 101,16,16) (S 12,16,17) (S 17,17,25) (S 55,24,23) (S 30,23,31) (S 66,37,43) (S 40,43,45) (S 40,43,45) (D 1,1,1)
0 1 3 28 35 8 (D 1,1,1) (S 93,6,6) (S 49,6,13) (S 43,13,12) (S 97,12,12) (S 43,12,13) (S 98,13,13) (D 1,1,1)
0 1 4 58 77 9 (D 1,1,1) (S 96,11,11) (S 33,11,5) (S 92,5,5) (S 41,5,18) (S 102,18,18) (S 103,19,19) (S 104,20,20) (D 1,1,1)
0 1 5 62 86 9 (D 1,1,1) (S 90,2,2) (S 1,2,3) (S 91,3,3) (S 26,3,4) (S 53,4,10) (S 95,9,9) (S 14,9,15) (D 1,1,1)
0 1 6 45 65 11 (D 1,1,1) (S 16,13,21) (S 105,21,21) (S 9,21,27) (S 23,27,30) (S 71,30,34) (S 71,34,30) (S 110,30,30) (S 5,26,34) (S 64,26,18) (D 1,1,1)
0 1 7 67 97 16 (D 1,1,1) (S 33,5,11) (S 44,26,30) (S 21,27,36) (S 36,36,42) (S 32,42,44) (S 117,44,44) (S 19,44,50) (S 73,50,43) (S 116,43,43) (S 67,43,42) (S 52,42,41) (S 62,41,48) (S 120,48,48) (S 108,26,26) (D 1,1,1)
0 1 8 63 108 12 (D 1,1,1) (S 35,22,31) (S 111,31,31) (S 8,27,35) (S 114,35,35) (S 31,35,41) (S 121,49,49) (S 80,49,50) (S 77,50,45) (S 118,45,45) (S 73,43,50) (D 1,1,1)
0 1 9 57 121 13 (D 1,1,1) (S 69,31,32) (S 42,37,36) (S 36,36,42) (S 32,42,44) (S 62,41,48) (S 39,47,46) (S 119,47,47) (S 39,47,46) (S 115,40,40) (S 54,18,29) (S 113,33,33) (D 1,1,1)
0 1 10 35 90 8 (D 1,1,1) (S 48,17,10) (S 48,10,17) (S 112,32,32) (S 59,32,38) (S 56,28,38) (S 25,38,43) (D 1,1,1)
