632
8
55101140
16741427
0 1 1 35 71 5 (D 1,1,1) (S 5,1,2) (S 25,2,2) (S 36,19,19) (D 1,1,1)
0 1 2 33 56 5 (D 1,1,1) (S 4,4,5) (S 7,5,10) (S 26,3,3) (D 1,1,1)
0 1 3 40 86 8 (D 1,1,1) (S 21,9,19) (S 1,19,22) (S 38,22,22) (S 39,23,23) (S 17,23,24) (S 10,11,5) (D 1,1,1)
0 1 4 38 90 7 (D 1,1,1) (S 10,5,11) (S 32,15,15) (S 13,17,13) (S 30,12,12) (S 12,11,10) (D 1,1,1)
0 1 5 35 80 5 (D 1,1,1) (S 29,10,10) (S 37,20,20) (S 14,20,23) (D 1,1,1)
0 1 6 0 0 1 (D 1,1,1) (D 1,1,1)
0 1 7 35 104 6 (D 1,1,1) (S 33,16,16) (S 34,17,17) (S 35,18,18) (S 31,14,14) (D 1,1,1)
0 1 8 40 145 7 (D 1,1,1) (S 14,20,23) (S 40,24,24) (S 13,17,13) (S 27,6,6) (S 28,8,8) (D 1,1,1)
