28583
6
44221937317
44198837847
0 1 1 1403 3437 48 (D 1,1,1) (S 101,325,97) (S 461,187,187) (S 371,97,97) (S 286,12,12) (S 443,169,169) (S 440,166,166) (S 59,276,42) (S 316,42,42) (S 23,231,171) (S 445,171,171) (S 448,174,174) (S 435,161,161) (S 405,131,131) (S 441,167,167) (S 439,165,165) (S 438,164,164) (S 468,194,194) (S 165,387,388) (S 255,433,291) (S 72,291,292) (S 470,196,196) (S 338,64,64) (S 427,153,153) (S 425,151,151) (S 44,257,218) (S 135,218,206) (S 5,206,207) (S 454,180,180) (S 64,207,53) (S 450,176,176) (S 327,53,53) (S 43,255,256) (S 406,132,132) (S 464,190,190) (S 205,190,364) (S 144,364,184) (S 84,55,297) (S 157,297,378) (S 78,297,298) (S 190,298,412) (S 152,298,319) (S 120,319,340) (S 458,184,184) (S 457,183,183) (S 67,285,55) (S 329,55,55) (D 1,1,1)
0 1 2 2845 5627 61 (D 1,1,1) (S 236,85,108) (S 382,108,108) (S 231,108,45) (S 60,45,277) (S 319,45,45) (S 359,85,85) (S 342,68,68) (S 192,68,413) (S 330,56,56) (S 211,432,433) (S 49,249,36) (S 310,36,36) (S 77,36,296) (S 170,209,367) (S 142,367,313) (S 256,313,478) (S 11,217,190) (S 232,453,454) (S 50,263,264) (S 124,346,347) (S 123,345,197) (S 471,197,197) (S 221,197,96) (S 370,96,96) (S 220,96,441) (S 353,79,79) (S 259,480,339) (S 119,339,329) (S 104,329,299) (S 79,299,300) (S 459,185,185) (S 246,185,468) (S 379,105,105) (S 364,90,90) (S 390,116,116) (S 398,124,124) (S 447,173,173) (S 432,158,158) (S 472,198,198) (S 302,28,28) (S 29,28,239) (S 69,287,288) (S 343,69,69) (S 373,99,99) (S 183,288,331) (S 107,331,78) (S 352,78,78) (S 95,317,318) (S 426,152,152) (S 360,86,86) (S 335,61,61) (S 410,136,136) (S 139,365,366) (S 400,126,126) (S 195,366,417) (S 363,89,89) (S 362,88,88) (S 396,122,122) (S 397,123,123) (D 1,1,1)
0 1 3 2590 5596 78 (D 1,1,1) (S 219,439,440) (S 196,418,419) (S 40,252,253) (S 198,421,422) (S 90,311,312) (S 295,21,21) (S 81,302,303) (S 34,23,243) (S 240,243,463) (S 297,23,23) (S 80,23,301) (S 361,87,87) (S 465,191,191) (S 389,115,115) (S 403,129,129) (S 404,130,130) (S 261,149,160) (S 434,160,160) (S 423,149,149) (S 419,145,145) (S 122,343,344) (S 455,181,181) (S 351,77,77) (S 467,193,193) (S 202,427,428) (S 244,427,465) (S 254,465,477) (S 271,488,489) (S 272,451,3) (S 277,3,3) (S 276,2,2) (S 275,1,1) (S 1,1,204) (S 214,238,318) (S 412,138,138) (S 163,384,44) (S 151,44,372) (S 318,44,44) (S 10,215,216) (S 433,159,159) (S 242,159,110) (S 384,110,110) (S 215,110,195) (S 469,195,195) (S 174,110,398) (S 73,24,293) (S 298,24,24) (S 386,112,112) (S 473,199,199) (S 394,120,120) (S 296,22,22) (S 395,121,121) (S 476,202,202) (S 268,202,203) (S 477,203,203) (S 273,490,491) (S 429,155,155) (S 274,155,492) (S 420,146,146) (S 430,156,156) (S 282,8,8) (S 323,49,49) (S 224,443,444) (S 247,469,470) (S 248,471,472) (S 388,114,114) (S 332,58,58) (S 444,170,170) (S 475,201,201) (S 391,117,117) (S 281,7,7) (S 367,93,93) (S 407,133,133) (S 301,27,27) (S 306,32,32) (S 365,91,91) (D 1,1,1)
0 1 4 1896 4994 74 (D 1,1,1) (S 331,57,57) (S 94,316,75) (S 349,75,75) (S 289,15,15) (S 366,92,92) (S 415,141,141) (S 453,179,179) (S 321,47,47) (S 320,46,46) (S 358,84,84) (S 129,84,72) (S 346,72,72) (S 87,308,307) (S 86,307,226) (S 26,226,235) (S 99,235,323) (S 126,349,80) (S 354,80,80) (S 344,70,70) (S 166,389,390) (S 326,52,52) (S 408,134,134) (S 399,125,125) (S 356,82,82) (S 207,71,192) (S 466,192,192) (S 372,98,98) (S 337,63,63) (S 345,71,71) (S 15,224,225) (S 474,200,200) (S 376,102,102) (S 283,9,9) (S 284,10,10) (S 20,10,228) (S 19,10,227) (S 422,148,148) (S 239,148,462) (S 324,50,50) (S 62,279,278) (S 446,172,172) (S 7,172,210) (S 185,278,406) (S 314,40,40) (S 369,95,95) (S 380,106,106) (S 460,186,186) (S 300,26,26) (S 339,65,65) (S 307,33,33) (S 308,34,34) (S 413,139,139) (S 421,147,147) (S 431,157,157) (S 436,162,162) (S 315,41,41) (S 387,113,113) (S 291,17,17) (S 294,20,20) (S 21,20,229) (S 168,332,106) (S 233,106,358) (S 133,358,260) (S 54,260,269) (S 355,81,81) (S 414,140,140) (S 55,270,271) (S 374,100,100) (S 156,100,377) (S 30,240,241) (S 71,290,230) (S 317,43,43) (D 1,1,1)
0 1 5 1337 4405 44 (D 1,1,1) (S 181,369,196) (S 106,257,330) (S 75,206,60) (S 334,60,60) (S 336,62,62) (S 134,359,360) (S 424,150,150) (S 437,163,163) (S 417,143,143) (S 309,35,35) (S 340,66,66) (S 322,48,48) (S 328,54,54) (S 402,128,128) (S 418,144,144) (S 333,59,59) (S 348,74,74) (S 385,111,111) (S 311,37,37) (S 285,11,11) (S 392,118,118) (S 36,246,247) (S 409,135,135) (S 267,485,188) (S 462,188,188) (S 172,188,395) (S 304,30,30) (S 63,280,51) (S 325,51,51) (S 293,19,19) (S 292,18,18) (S 456,182,182) (S 368,94,94) (S 210,251,268) (S 52,245,267) (S 65,281,282) (S 56,272,273) (S 452,178,178) (S 411,137,137) (S 350,76,76) (S 97,76,320) (S 100,324,76) (D 1,1,1)
0 1 6 1303 4524 42 (D 1,1,1) (S 416,142,142) (S 227,415,447) (S 132,356,357) (S 428,154,154) (S 378,104,104) (S 375,101,101) (S 449,175,175) (S 305,31,31) (S 287,13,13) (S 288,14,14) (S 177,399,400) (S 299,25,25) (S 313,39,39) (S 312,38,38) (S 377,103,103) (S 279,5,5) (S 278,4,4) (S 393,119,119) (S 4,205,4) (S 303,29,29) (S 66,283,284) (S 115,284,73) (S 347,73,73) (S 234,455,456) (S 357,83,83) (S 180,402,403) (S 463,189,189) (S 442,168,168) (S 401,127,127) (S 51,265,266) (S 341,67,67) (S 83,67,177) (S 451,177,177) (S 222,177,337) (S 114,337,16) (S 280,6,6) (S 383,109,109) (S 194,397,416) (S 381,107,107) (S 290,16,16) (D 1,1,1)
