14917
28
760786399
754253864
0 1 1 127 381 7 (D 1,1,1) (S 1,1,2) (S 2,2,3) (S 3,2,4) (S 4,4,5) (S 5,5,6) (D 1,1,1)
0 1 2 0 0 1 (D 1,1,1) (D 1,1,1)
0 1 3 119 429 7 (D 1,1,1) (S 6,5,7) (S 7,7,8) (S 101,8,8) (S 8,8,9) (S 122,9,9) (D 1,1,1)
0 1 4 0 0 1 (D 1,1,1) (D 1,1,1)
0 1 5 0 0 1 (D 1,1,1) (D 1,1,1)
0 1 6 86 524 6 (D 1,1,1) (S 9,9,10) (S 10,10,11) (S 11,11,12) (S 118,12,12) (D 1,1,1)
0 1 7 0 0 1 (D 1,1,1) (D 1,1,1)
0 1 8 89 525 5 (D 1,1,1) (S 72,58,60) (S 97,60,67) (S 105,67,67) (D 1,1,1)
0 1 9 92 455 5 (D 1,1,1) (S 53,44,46) (S 128,46,46) (S 109,45,45) (D 1,1,1)
0 1 10 126 564 6 (D 1,1,1) (S 123,44,44) (S 54,46,47) (S 55,47,48) (S 117,48,48) (D 1,1,1)
0 1 11 114 637 5 (D 1,1,1) (S 56,11,48) (S 59,49,51) (S 125,51,51) (D 1,1,1)
0 1 12 108 610 5 (D 1,1,1) (S 73,60,61) (S 74,60,62) (S 104,62,62) (D 1,1,1)
0 1 13 50 320 4 (D 1,1,1) (S 115,59,59) (S 81,59,69) (D 1,1,1)
0 1 14 104 648 6 (D 1,1,1) (S 75,62,63) (S 77,63,65) (S 100,65,65) (S 76,63,64) (D 1,1,1)
0 1 15 121 734 9 (D 1,1,1) (S 91,12,76) (S 94,76,77) (S 110,77,77) (S 14,13,14) (S 15,14,15) (S 17,15,17) (S 93,15,77) (D 1,1,1)
0 1 16 0 0 1 (D 1,1,1) (D 1,1,1)
0 1 17 101 565 8 (D 1,1,1) (S 57,47,49) (S 58,49,50) (S 124,50,50) (S 60,50,52) (S 63,52,54) (S 106,54,54) (D 1,1,1)
0 1 18 108 654 5 (D 1,1,1) (S 78,62,66) (S 79,66,68) (S 114,68,68) (D 1,1,1)
0 1 19 116 621 7 (D 1,1,1) (S 82,4,69) (S 51,44,45) (S 23,21,22) (S 102,22,22) (S 95,21,51) (D 1,1,1)
0 1 20 0 0 1 (D 1,1,1) (D 1,1,1)
0 1 21 110 632 5 (D 1,1,1) (S 12,12,16) (S 119,16,16) (S 111,13,13) (D 1,1,1)
0 1 22 130 705 6 (D 1,1,1) (S 98,62,67) (S 112,56,56) (S 127,43,43) (S 116,57,57) (D 1,1,1)
0 1 23 122 876 5 (D 1,1,1) (S 88,18,72) (S 86,72,73) (S 87,73,74) (D 1,1,1)
0 1 24 117 1055 8 (D 1,1,1) (S 25,22,24) (S 33,25,29) (S 113,28,28) (S 30,26,27) (S 38,32,34) (S 45,35,39) (D 1,1,1)
0 1 25 128 960 8 (D 1,1,1) (S 24,22,75) (S 29,23,26) (S 35,23,31) (S 37,32,33) (S 42,37,38) (S 107,40,40) (D 1,1,1)
0 1 26 129 1149 8 (D 1,1,1) (S 121,53,53) (S 26,24,25) (S 27,25,75) (S 31,26,28) (S 103,34,34) (S 40,33,36) (D 1,1,1)
0 1 27 127 897 7 (D 1,1,1) (S 62,52,53) (S 120,24,24) (S 36,31,32) (S 99,41,41) (S 49,42,43) (D 1,1,1)
0 1 28 116 976 5 (D 1,1,1) (S 108,76,76) (S 126,70,70) (S 65,19,50) (D 1,1,1)
