618
8
64888399
34523257
0 1 1 13 17 4 (D 1,1,1) (S 1,1,2) (S 34,2,2) (D 1,1,1)
0 1 2 39 61 7 (D 1,1,1) (S 18,1,3) (S 28,9,19) (S 28,19,9) (S 5,9,10) (S 35,3,3) (D 1,1,1)
0 1 3 34 53 5 (D 1,1,1) (S 7,3,4) (S 6,4,5) (S 36,5,5) (D 1,1,1)
0 1 4 37 86 7 (D 1,1,1) (S 39,10,10) (S 44,20,20) (S 3,20,21) (S 45,21,21) (S 8,11,15) (D 1,1,1)
0 1 5 41 94 8 (D 1,1,1) (S 9,19,22) (S 11,22,23) (S 12,23,24) (S 17,24,21) (S 29,20,23) (S 12,23,24) (D 1,1,1)
0 1 6 37 108 7 (D 1,1,1) (S 29,20,23) (S 11,23,22) (S 10,19,20) (S 41,12,12) (S 40,11,11) (D 1,1,1)
0 1 7 39 103 7 (D 1,1,1) (S 21,16,12) (S 16,12,6) (S 37,6,6) (S 38,7,7) (S 4,8,14) (D 1,1,1)
0 1 8 38 96 9 (D 1,1,1) (S 32,15,16) (S 42,16,16) (S 15,17,13) (S 15,13,17) (S 2,17,18) (S 25,14,18) (S 43,18,18) (D 1,1,1)
