846
10
581766801
546839206
0 1 1 58 62 16 (D 1,1,1) (S 64,1,6) (S 38,6,13) (S 92,13,13) (S 6,13,14) (S 93,14,14) (S 53,13,7) (S 42,7,8) (S 88,8,8) (S 42,8,7) (S 87,7,7) (S 53,7,13) (S 31,13,12) (S 31,12,13) (S 64,6,1) (D 1,1,1)
0 1 2 28 45 6 (D 1,1,1) (S 29,6,12) (S 66,19,26) (S 36,26,18) (S 91,11,11) (D 1,1,1)
0 1 3 53 72 11 (D 1,1,1) (S 8,13,21) (S 28,22,31) (S 63,31,23) (S 98,23,23) (S 25,15,16) (S 94,16,16) (S 40,16,9) (S 89,9,9) (S 40,9,16) (D 1,1,1)
0 1 4 73 96 8 (D 1,1,1) (S 9,12,20) (S 23,20,21) (S 97,21,21) (S 69,20,30) (S 101,30,30) (S 100,27,27) (D 1,1,1)
0 1 5 74 108 12 (D 1,1,1) (S 84,2,2) (S 12,2,3) (S 85,3,3) (S 20,9,10) (S 90,10,10) (S 17,17,25) (S 4,25,28) (S 50,28,38) (S 50,38,28) (S 74,24,23) (D 1,1,1)
0 1 6 54 87 10 (D 1,1,1) (S 55,26,30) (S 57,30,34) (S 45,41,49) (S 114,49,49) (S 45,49,41) (S 103,34,34) (S 99,26,26) (S 86,5,5) (D 1,1,1)
0 1 7 41 91 9 (D 1,1,1) (S 15,16,17) (S 95,17,17) (S 37,24,32) (S 3,32,37) (S 30,43,50) (S 43,44,42) (S 77,35,41) (D 1,1,1)
0 1 8 69 113 15 (D 1,1,1) (S 96,18,18) (S 36,18,26) (S 35,26,29) (S 7,33,40) (S 106,40,40) (S 11,33,46) (S 111,46,46) (S 112,47,47) (S 113,48,48) (S 56,48,49) (S 59,49,50) (S 30,50,43) (S 28,31,22) (D 1,1,1)
0 1 9 65 105 12 (D 1,1,1) (S 78,31,32) (S 102,32,32) (S 104,37,37) (S 46,37,38) (S 105,38,38) (S 48,43,45) (S 67,45,50) (S 67,50,45) (S 110,45,45) (S 108,43,43) (D 1,1,1)
0 1 10 31 67 8 (D 1,1,1) (S 63,23,31) (S 83,36,42) (S 107,42,42) (S 43,42,44) (S 109,44,44) (S 5,44,50) (D 1,1,1)
