416
9
68535063
38444369
0 1 1 12 43 5 (D 1,1,1) (S 43,12,12) (S 19,16,17) (S 45,17,17) (D 1,1,1)
0 1 2 38 50 8 (D 1,1,1) (S 20,1,9) (S 10,3,10) (S 37,2,2) (S 41,10,10) (S 4,3,4) (S 15,4,5) (D 1,1,1)
0 1 3 40 50 6 (D 1,1,1) (S 16,1,19) (S 46,19,19) (S 28,19,9) (S 28,9,19) (D 1,1,1)
0 1 4 23 43 8 (D 1,1,1) (S 23,6,7) (S 5,7,13) (S 14,13,17) (S 19,17,16) (S 35,16,15) (S 44,15,15) (D 1,1,1)
0 1 5 28 38 5 (D 1,1,1) (S 38,5,5) (S 6,5,11) (S 42,11,11) (D 1,1,1)
0 1 6 39 57 5 (D 1,1,1) (S 12,19,20) (S 47,20,20) (S 24,20,21) (D 1,1,1)
0 1 7 44 86 8 (D 1,1,1) (S 15,5,4) (S 39,6,6) (S 40,7,7) (S 21,8,14) (S 21,8,14) (S 14,13,17) (D 1,1,1)
0 1 8 36 49 6 (D 1,1,1) (S 27,20,15) (S 25,15,21) (S 48,21,21) (S 25,21,15) (D 1,1,1)
0 1 9 0 0 1 (D 1,1,1) (D 1,1,1)
