566
10
173952856
141749536
0 1 1 47 67 11 (D 1,1,1) (S 2,1,31) (S 43,31,5) (S 18,5,10) (S 49,10,10) (S 51,14,14) (S 14,15,16) (S 52,16,16) (S 53,17,17) (S 50,11,11) (D 1,1,1)
0 1 2 47 63 9 (D 1,1,1) (S 23,1,30) (S 23,30,1) (S 5,3,4) (S 1,4,13) (S 15,13,12) (S 18,10,5) (S 45,5,5) (D 1,1,1)
0 1 3 36 44 5 (D 1,1,1) (S 9,1,7) (S 47,7,7) (S 22,7,8) (D 1,1,1)
0 1 4 23 27 3 (D 1,1,1) (S 44,2,2) (D 1,1,1)
0 1 5 46 87 10 (D 1,1,1) (S 3,9,13) (S 37,12,18) (S 25,18,21) (S 56,20,20) (S 20,19,18) (S 37,18,12) (S 15,12,13) (S 30,9,4) (D 1,1,1)
0 1 6 36 53 7 (D 1,1,1) (S 46,6,6) (S 34,29,30) (S 34,30,29) (S 21,29,28) (S 60,28,28) (D 1,1,1)
0 1 7 0 0 1 (D 1,1,1) (D 1,1,1)
0 1 8 48 92 6 (D 1,1,1) (S 48,8,8) (S 54,18,18) (S 25,18,21) (S 13,21,22) (D 1,1,1)
0 1 9 37 60 6 (D 1,1,1) (S 59,27,27) (S 57,23,23) (S 12,23,25) (S 58,25,25) (D 1,1,1)
0 1 10 49 73 6 (D 1,1,1) (S 6,3,9) (S 30,9,4) (S 7,13,19) (S 55,19,19) (D 1,1,1)
