221
7
50740838
20359398
0 1 1 14 18 6 (D 1,1,1) (S 7,1,2) (S 22,2,2) (S 24,4,4) (S 23,3,3) (D 1,1,1)
0 1 2 9 18 4 (D 1,1,1) (S 3,5,10) (S 28,10,10) (D 1,1,1)
0 1 3 17 37 5 (D 1,1,1) (S 25,5,5) (S 6,6,7) (S 26,7,7) (D 1,1,1)
0 1 4 16 36 10 (D 1,1,1) (S 9,10,20) (S 20,16,12) (S 30,12,12) (S 15,12,11) (S 29,11,11) (S 15,11,12) (S 10,12,6) (S 10,6,12) (D 1,1,1)
0 1 5 15 32 6 (D 1,1,1) (S 27,9,9) (S 2,9,19) (S 12,20,23) (S 36,23,23) (D 1,1,1)
0 1 6 19 41 7 (D 1,1,1) (S 31,13,13) (S 13,13,14) (S 5,14,18) (S 17,18,17) (S 34,17,17) (D 1,1,1)
0 1 7 18 39 5 (D 1,1,1) (S 32,15,15) (S 33,16,16) (S 35,21,21) (D 1,1,1)
