365
10
60404165
28750887
0 1 1 0 0 1 (D 1,1,1) (D 1,1,1)
0 1 2 27 41 7 (D 1,1,1) (S 6,1,15) (S 22,15,20) (S 29,20,21) (S 44,21,21) (S 33,21,25) (D 1,1,1)
0 1 3 0 0 1 (D 1,1,1) (D 1,1,1)
0 1 4 7 8 3 (D 1,1,1) (S 24,1,19) (D 1,1,1)
0 1 5 22 42 6 (D 1,1,1) (S 23,3,4) (S 37,4,4) (S 3,4,10) (S 40,10,10) (D 1,1,1)
0 1 6 25 48 6 (D 1,1,1) (S 36,3,3) (S 32,3,8) (S 27,8,9) (S 39,6,6) (D 1,1,1)
0 1 7 27 56 7 (D 1,1,1) (S 2,1,27) (S 28,22,25) (S 15,14,18) (S 11,23,26) (S 45,26,26) (D 1,1,1)
0 1 8 21 51 5 (D 1,1,1) (S 30,6,9) (S 4,5,9) (S 38,5,5) (D 1,1,1)
0 1 9 20 58 7 (D 1,1,1) (S 13,6,7) (S 25,7,11) (S 10,1,24) (S 35,2,2) (S 1,2,1) (D 1,1,1)
0 1 10 26 61 7 (D 1,1,1) (S 8,1,17) (S 42,16,16) (S 41,14,14) (S 17,14,20) (S 43,18,18) (D 1,1,1)
