879
9
140243080
103177664
0 1 1 47 73 8 (D 1,1,1) (S 27,1,7) (S 61,7,7) (S 1,12,19) (S 6,19,25) (S 3,25,26) (S 44,26,20) (D 1,1,1)
0 1 2 30 69 9 (D 1,1,1) (S 28,1,6) (S 28,6,1) (S 27,1,7) (S 43,3,4) (S 59,4,4) (S 7,4,10) (S 29,16,15) (D 1,1,1)
0 1 3 75 103 12 (D 1,1,1) (S 14,1,2) (S 32,2,8) (S 62,8,8) (S 30,8,9) (S 5,9,10) (S 45,10,11) (S 22,5,11) (S 26,11,17) (S 26,17,11) (S 64,11,11) (D 1,1,1)
0 1 4 68 97 9 (D 1,1,1) (S 47,6,18) (S 53,18,29) (S 77,29,29) (S 68,19,19) (S 51,19,18) (S 25,18,12) (S 25,12,18) (D 1,1,1)
0 1 5 51 76 9 (D 1,1,1) (S 60,6,6) (S 18,6,12) (S 11,13,14) (S 50,14,20) (S 69,20,20) (S 44,20,26) (S 74,26,26) (D 1,1,1)
0 1 6 44 92 7 (D 1,1,1) (S 65,13,13) (S 70,21,21) (S 10,21,22) (S 71,22,22) (S 50,14,20) (D 1,1,1)
0 1 7 73 139 12 (D 1,1,1) (S 12,14,15) (S 66,15,15) (S 55,15,9) (S 45,10,11) (S 24,17,24) (S 19,24,34) (S 19,34,24) (S 80,33,33) (S 36,32,31) (S 21,30,25) (D 1,1,1)
0 1 8 68 142 8 (D 1,1,1) (S 55,15,9) (S 63,10,10) (S 67,16,16) (S 72,23,23) (S 73,24,24) (S 76,28,28) (D 1,1,1)
0 1 9 33 88 8 (D 1,1,1) (S 21,25,30) (S 13,30,31) (S 78,31,31) (S 79,32,32) (S 15,26,27) (S 75,27,27) (D 1,1,1)
