820
10
559877324
524997831
0 1 1 64 79 13 (D 1,1,1) (S 50,1,16) (S 47,16,17) (S 20,17,24) (S 22,23,28) (S 6,28,36) (S 65,36,38) (S 107,38,38) (S 65,38,36) (S 15,36,44) (S 42,44,43) (S 42,43,44) (D 1,1,1)
0 1 2 32 46 9 (D 1,1,1) (S 37,1,5) (S 48,6,11) (S 86,12,12) (S 12,4,7) (S 82,7,7) (S 80,5,5) (S 37,5,1) (D 1,1,1)
0 1 3 57 83 9 (D 1,1,1) (S 21,9,14) (S 88,14,14) (S 32,14,22) (S 83,8,8) (S 84,9,9) (S 32,14,22) (S 94,22,22) (D 1,1,1)
0 1 4 60 84 14 (D 1,1,1) (S 35,15,16) (S 90,16,16) (S 35,16,15) (S 18,15,24) (S 96,24,24) (S 24,24,30) (S 101,30,30) (S 33,39,31) (S 102,31,31) (S 11,11,18) (S 92,18,18) (S 85,10,10) (D 1,1,1)
0 1 5 55 79 15 (D 1,1,1) (S 63,15,23) (S 59,23,29) (S 10,30,38) (S 8,38,46) (S 113,46,46) (S 13,46,50) (S 116,50,50) (S 25,45,49) (S 115,49,49) (S 26,49,48) (S 26,48,49) (S 25,49,45) (S 67,37,38) (D 1,1,1)
0 1 6 66 95 14 (D 1,1,1) (S 31,10,17) (S 91,17,17) (S 16,17,18) (S 48,11,6) (S 81,6,6) (S 79,3,3) (S 78,2,2) (S 31,10,17) (S 95,23,23) (S 59,23,29) (S 23,29,37) (S 23,37,29) (D 1,1,1)
0 1 7 65 101 11 (D 1,1,1) (S 89,15,15) (S 99,28,28) (S 9,28,29) (S 100,29,29) (S 33,39,31) (S 3,32,40) (S 103,32,32) (S 40,39,47) (S 114,47,47) (D 1,1,1)
0 1 8 59 83 11 (D 1,1,1) (S 87,13,13) (S 19,21,26) (S 97,26,26) (S 41,26,25) (S 36,25,33) (S 58,33,34) (S 105,34,34) (S 41,25,26) (S 7,21,22) (D 1,1,1)
0 1 9 56 104 11 (D 1,1,1) (S 93,20,20) (S 36,25,33) (S 104,33,33) (S 109,41,41) (S 110,42,42) (S 111,43,43) (S 53,43,48) (S 53,43,48) (S 112,44,44) (D 1,1,1)
0 1 10 32 66 6 (D 1,1,1) (S 98,27,27) (S 106,35,35) (S 108,39,39) (S 40,39,47) (D 1,1,1)
