221
7
60032946
23957927
0 1 1 19 24 7 (D 1,1,1) (S 4,1,2) (S 32,2,2) (S 16,4,5) (S 13,5,10) (S 36,10,10) (D 1,1,1)
0 1 2 19 38 7 (D 1,1,1) (S 33,3,3) (S 5,9,19) (S 29,19,20) (S 40,20,20) (S 25,23,24) (D 1,1,1)
0 1 3 0 0 1 (D 1,1,1) (D 1,1,1)
0 1 4 22 37 11 (D 1,1,1) (S 11,10,11) (S 2,11,15) (S 21,15,16) (S 21,15,16) (S 39,16,16) (S 26,16,12) (S 37,12,12) (S 23,12,13) (S 38,13,13) (D 1,1,1)
0 1 5 17 41 7 (D 1,1,1) (S 35,6,6) (S 7,6,7) (S 19,7,8) (S 12,8,14) (S 20,18,17) (D 1,1,1)
0 1 6 15 45 7 (D 1,1,1) (S 15,11,12) (S 30,13,14) (S 19,7,8) (S 3,14,18) (S 20,18,17) (D 1,1,1)
0 1 7 16 36 5 (D 1,1,1) (S 34,5,5) (S 6,21,24) (S 41,21,21) (D 1,1,1)
