244
11
50160049
16302015
0 1 1 0 0 1 (D 1,1,1) (D 1,1,1)
0 1 2 15 18 6 (D 1,1,1) (S 9,1,10) (S 24,10,11) (S 12,1,9) (S 22,9,10) (D 1,1,1)
0 1 3 10 12 4 (D 1,1,1) (S 25,1,6) (S 17,6,9) (D 1,1,1)
0 1 4 24 26 5 (D 1,1,1) (S 20,1,11) (S 27,1,2) (S 18,2,8) (D 1,1,1)
0 1 5 27 32 5 (D 1,1,1) (S 1,8,9) (S 33,7,7) (S 8,3,10) (D 1,1,1)
0 1 6 16 18 3 (D 1,1,1) (S 34,8,8) (D 1,1,1)
0 1 7 24 26 3 (D 1,1,1) (S 30,4,4) (D 1,1,1)
0 1 8 27 29 3 (D 1,1,1) (S 28,2,2) (D 1,1,1)
0 1 9 26 29 6 (D 1,1,1) (S 5,1,4) (S 11,2,6) (S 32,6,6) (S 15,2,4) (D 1,1,1)
0 1 10 23 24 5 (D 1,1,1) (S 16,1,5) (S 31,5,5) (S 21,5,11) (D 1,1,1)
0 1 11 25 30 5 (D 1,1,1) (S 4,4,7) (S 29,3,3) (S 7,7,10) (D 1,1,1)
