929
9
167772985
133886905
0 1 1 46 68 7 (D 1,1,1) (S 54,12,12) (S 14,12,19) (S 61,19,19) (S 25,19,20) (S 25,20,19) (D 1,1,1)
0 1 2 45 94 8 (D 1,1,1) (S 60,18,18) (S 70,29,29) (S 71,30,30) (S 6,30,31) (S 23,31,32) (S 20,32,27) (D 1,1,1)
0 1 3 44 69 7 (D 1,1,1) (S 24,1,7) (S 51,7,7) (S 55,13,13) (S 3,14,15) (S 57,15,15) (D 1,1,1)
0 1 4 73 108 8 (D 1,1,1) (S 46,2,2) (S 7,8,14) (S 56,14,14) (S 22,15,21) (S 63,21,21) (S 22,21,15) (D 1,1,1)
0 1 5 70 119 8 (D 1,1,1) (S 50,6,6) (S 62,20,20) (S 1,26,31) (S 72,32,32) (S 20,32,27) (S 68,27,27) (D 1,1,1)
0 1 6 66 120 11 (D 1,1,1) (S 18,8,9) (S 11,9,10) (S 30,11,24) (S 65,24,24) (S 19,22,28) (S 34,28,34) (S 34,34,28) (S 69,28,28) (S 19,28,22) (D 1,1,1)
0 1 7 62 121 8 (D 1,1,1) (S 66,25,25) (S 4,25,26) (S 67,26,26) (S 58,16,16) (S 12,16,17) (S 59,17,17) (D 1,1,1)
0 1 8 62 124 11 (D 1,1,1) (S 52,10,10) (S 16,10,3) (S 47,3,3) (S 16,3,10) (S 53,11,11) (S 27,11,5) (S 49,5,5) (S 27,5,11) (S 30,11,24) (D 1,1,1)
0 1 9 50 106 6 (D 1,1,1) (S 8,15,22) (S 5,22,23) (S 64,23,23) (S 48,4,4) (D 1,1,1)
