735
9
241648869
207781585
0 1 1 56 68 11 (D 1,1,1) (S 4,1,8) (S 62,8,8) (S 25,7,4) (S 59,4,4) (S 25,4,7) (S 61,7,7) (S 28,7,6) (S 28,6,7) (S 22,4,5) (D 1,1,1)
0 1 2 12 19 4 (D 1,1,1) (S 17,1,2) (S 35,2,3) (D 1,1,1)
0 1 3 58 77 8 (D 1,1,1) (S 35,2,3) (S 58,3,3) (S 31,2,9) (S 38,9,10) (S 5,10,15) (S 65,15,15) (D 1,1,1)
0 1 4 64 80 11 (D 1,1,1) (S 8,5,8) (S 47,8,13) (S 26,13,16) (S 33,16,12) (S 15,12,13) (S 26,13,16) (S 3,16,17) (S 6,14,15) (S 40,15,9) (D 1,1,1)
0 1 5 44 83 8 (D 1,1,1) (S 47,8,13) (S 27,12,11) (S 64,11,11) (S 16,11,20) (S 1,20,27) (S 74,27,27) (D 1,1,1)
0 1 6 54 75 7 (D 1,1,1) (S 31,2,9) (S 63,9,9) (S 38,9,10) (S 9,10,19) (S 68,18,18) (D 1,1,1)
0 1 7 63 114 11 (D 1,1,1) (S 13,1,5) (S 60,6,6) (S 36,11,16) (S 11,16,21) (S 21,21,22) (S 21,22,21) (S 32,21,29) (S 75,29,29) (S 20,14,13) (D 1,1,1)
0 1 8 52 93 9 (D 1,1,1) (S 67,17,17) (S 14,17,22) (S 46,22,29) (S 32,29,21) (S 70,21,21) (S 7,21,28) (S 33,16,12) (D 1,1,1)
0 1 9 55 126 9 (D 1,1,1) (S 46,22,29) (S 72,25,25) (S 73,26,26) (S 55,30,29) (S 71,24,24) (S 69,20,20) (S 66,16,16) (D 1,1,1)
