196
9
44594305
14478988
0 1 1 27 30 6 (D 1,1,1) (S 20,1,11) (S 31,11,11) (S 27,7,7) (S 1,7,10) (D 1,1,1)
0 1 2 13 14 5 (D 1,1,1) (S 17,1,6) (S 26,6,6) (S 21,6,8) (D 1,1,1)
0 1 3 27 31 6 (D 1,1,1) (S 15,5,8) (S 28,8,8) (S 18,5,10) (S 30,10,10) (D 1,1,1)
0 1 4 0 0 1 (D 1,1,1) (D 1,1,1)
0 1 5 16 18 5 (D 1,1,1) (S 11,1,3) (S 16,3,9) (S 29,9,9) (D 1,1,1)
0 1 6 23 26 5 (D 1,1,1) (S 7,2,4) (S 4,4,5) (S 25,5,5) (D 1,1,1)
0 1 7 23 27 5 (D 1,1,1) (S 14,6,10) (S 23,3,3) (S 12,3,11) (D 1,1,1)
0 1 8 20 24 3 (D 1,1,1) (S 24,4,4) (D 1,1,1)
0 1 9 22 26 4 (D 1,1,1) (S 22,2,2) (S 5,2,11) (D 1,1,1)
