45714
26
1570707944
1562211449
0 1 1 0 0 1 (D 1,1,1) (D 1,1,1)
0 1 2 1463 1774 7 (D 1,1,1) (S 1,1,10) (S 55,26,27) (S 59,27,37) (S 166,37,37) (S 59,37,27) (D 1,1,1)
0 1 3 1302 1281 6 (D 1,1,1) (S 1,1,10) (S 154,10,10) (S 17,10,11) (S 3,11,2) (D 1,1,1)
0 1 4 488 642 4 (D 1,1,1) (S 17,10,11) (S 155,11,11) (D 1,1,1)
0 1 5 1091 1732 9 (D 1,1,1) (S 56,26,35) (S 76,35,44) (S 76,44,35) (S 75,35,36) (S 165,36,36) (S 80,36,44) (S 56,35,26) (D 1,1,1)
0 1 6 654 925 5 (D 1,1,1) (S 75,35,36) (S 77,36,27) (S 161,27,27) (D 1,1,1)
0 1 7 0 0 1 (D 1,1,1) (D 1,1,1)
0 1 8 1517 1925 10 (D 1,1,1) (S 3,2,11) (S 156,12,12) (S 157,13,13) (S 23,13,14) (S 24,14,21) (S 41,21,22) (S 43,22,31) (S 68,31,30) (D 1,1,1)
0 1 9 1115 1587 7 (D 1,1,1) (S 159,19,19) (S 39,20,29) (S 60,29,28) (S 84,38,47) (S 79,37,36) (D 1,1,1)
0 1 10 1811 2045 12 (D 1,1,1) (S 9,6,15) (S 9,15,6) (S 150,6,6) (S 151,7,7) (S 11,7,8) (S 152,8,8) (S 14,8,17) (S 33,17,18) (S 33,18,17) (S 14,17,8) (D 1,1,1)
0 1 11 2083 2080 11 (D 1,1,1) (S 97,45,46) (S 170,46,46) (S 99,46,61) (S 135,61,62) (S 137,62,63) (S 137,63,62) (S 135,62,61) (S 134,61,60) (S 131,60,59) (D 1,1,1)
0 1 12 1235 1938 8 (D 1,1,1) (S 8,5,14) (S 30,16,23) (S 160,23,23) (S 48,24,25) (S 36,25,18) (S 13,9,8) (D 1,1,1)
0 1 13 1565 2011 9 (D 1,1,1) (S 58,27,28) (S 162,28,28) (S 60,28,29) (S 86,39,40) (S 87,39,48) (S 102,48,47) (S 84,47,38) (D 1,1,1)
0 1 14 1463 1952 9 (D 1,1,1) (S 61,28,38) (S 83,38,39) (S 88,39,49) (S 88,49,39) (S 167,39,39) (S 87,39,48) (S 171,48,48) (D 1,1,1)
0 1 15 1555 2076 8 (D 1,1,1) (S 20,12,19) (S 38,20,21) (S 42,21,30) (S 67,30,51) (S 114,51,56) (S 175,56,56) (D 1,1,1)
0 1 16 1561 2112 9 (D 1,1,1) (S 96,44,45) (S 97,45,46) (S 102,47,48) (S 105,48,49) (S 109,49,50) (S 121,54,64) (S 183,64,64) (D 1,1,1)
0 1 17 1500 2295 11 (D 1,1,1) (S 178,59,59) (S 131,59,60) (S 179,60,60) (S 180,61,61) (S 181,62,62) (S 120,54,55) (S 124,55,65) (S 143,65,66) (S 127,66,56) (D 1,1,1)
0 1 18 1456 1885 8 (D 1,1,1) (S 5,4,13) (S 42,21,30) (S 164,30,30) (S 163,29,29) (S 39,29,20) (S 5,13,4) (D 1,1,1)
0 1 19 1570 2073 7 (D 1,1,1) (S 13,8,9) (S 153,9,9) (S 35,18,24) (S 50,24,33) (S 69,33,32) (D 1,1,1)
0 1 20 1186 2041 8 (D 1,1,1) (S 12,7,16) (S 158,16,16) (S 29,16,17) (S 48,24,25) (S 36,25,18) (S 49,24,32) (D 1,1,1)
0 1 21 1400 2227 10 (D 1,1,1) (S 62,28,39) (S 106,48,63) (S 141,64,65) (S 143,65,66) (S 127,66,56) (S 113,51,52) (S 112,51,41) (S 27,15,16) (D 1,1,1)
0 1 22 1485 2155 7 (D 1,1,1) (S 172,49,49) (S 109,49,50) (S 111,50,55) (S 123,55,56) (S 114,56,51) (D 1,1,1)
0 1 23 1521 2117 9 (D 1,1,1) (S 29,16,17) (S 51,24,34) (S 73,34,43) (S 94,43,53) (S 94,53,43) (S 169,43,43) (S 91,42,33) (D 1,1,1)
0 1 24 1576 2438 15 (D 1,1,1) (S 121,54,64) (S 120,54,55) (S 123,55,56) (S 124,55,65) (S 146,66,67) (S 184,67,67) (S 149,67,68) (S 185,68,68) (S 129,58,57) (S 117,52,53) (S 90,41,42) (S 93,42,43) (S 51,24,34) (D 1,1,1)
0 1 25 1543 2216 9 (D 1,1,1) (S 7,5,6) (S 12,7,16) (S 113,51,52) (S 176,57,57) (S 177,58,58) (S 146,67,66) (S 173,50,50) (D 1,1,1)
0 1 26 1752 2187 8 (D 1,1,1) (S 24,14,21) (S 90,41,42) (S 168,42,42) (S 174,51,51) (S 182,63,63) (S 79,37,36) (D 1,1,1)
