437
10
53701282
20814572
0 1 1 0 0 1 (D 1,1,1) (D 1,1,1)
0 1 2 16 23 4 (D 1,1,1) (S 4,1,19) (S 23,2,2) (D 1,1,1)
0 1 3 27 49 7 (D 1,1,1) (S 22,12,13) (S 29,13,13) (S 18,14,20) (S 11,20,21) (S 2,21,25) (D 1,1,1)
0 1 4 22 45 5 (D 1,1,1) (S 9,3,8) (S 6,8,9) (S 26,5,5) (D 1,1,1)
0 1 5 27 68 6 (D 1,1,1) (S 24,3,3) (S 14,6,10) (S 17,14,16) (S 16,16,17) (D 1,1,1)
0 1 6 22 33 4 (D 1,1,1) (S 8,1,17) (S 31,15,15) (D 1,1,1)
0 1 7 23 54 8 (D 1,1,1) (S 3,1,27) (S 35,24,24) (S 13,23,26) (S 37,26,26) (S 36,25,25) (S 32,18,18) (D 1,1,1)
0 1 8 21 46 5 (D 1,1,1) (S 27,6,6) (S 5,6,7) (S 28,7,7) (D 1,1,1)
0 1 9 27 59 5 (D 1,1,1) (S 34,23,23) (S 33,22,22) (S 30,14,14) (D 1,1,1)
0 1 10 27 60 4 (D 1,1,1) (S 19,10,11) (S 25,4,4) (D 1,1,1)
