222
11
58185793
21995390
0 1 1 0 0 1 (D 1,1,1) (D 1,1,1)
0 1 2 21 22 6 (D 1,1,1) (S 32,1,3) (S 37,3,3) (S 6,3,8) (S 42,8,8) (D 1,1,1)
0 1 3 0 0 1 (D 1,1,1) (D 1,1,1)
0 1 4 25 30 7 (D 1,1,1) (S 15,8,10) (S 39,5,5) (S 9,5,7) (S 2,7,11) (S 44,11,11) (D 1,1,1)
0 1 5 26 30 6 (D 1,1,1) (S 26,1,5) (S 1,5,10) (S 31,3,7) (S 41,7,7) (D 1,1,1)
0 1 6 9 11 3 (D 1,1,1) (S 22,2,8) (D 1,1,1)
0 1 7 20 21 5 (D 1,1,1) (S 24,1,4) (S 38,4,4) (S 30,4,11) (D 1,1,1)
0 1 8 23 25 3 (D 1,1,1) (S 36,2,2) (D 1,1,1)
0 1 9 22 28 6 (D 1,1,1) (S 13,8,9) (S 3,9,10) (S 19,4,9) (S 14,7,9) (D 1,1,1)
0 1 10 26 30 4 (D 1,1,1) (S 40,6,6) (S 5,6,10) (D 1,1,1)
0 1 11 20 25 6 (D 1,1,1) (S 12,1,10) (S 28,2,6) (S 34,6,9) (S 43,9,9) (D 1,1,1)
