574
10
184289935
146965149
0 1 1 6 5 4 (D 1,1,1) (S 15,1,2) (S 15,2,1) (D 1,1,1)
0 1 2 32 35 7 (D 1,1,1) (S 19,1,30) (S 27,30,29) (S 61,29,29) (S 12,29,31) (S 62,31,31) (D 1,1,1)
0 1 3 29 42 5 (D 1,1,1) (S 10,1,31) (S 44,5,5) (S 47,10,10) (D 1,1,1)
0 1 4 44 78 8 (D 1,1,1) (S 41,2,2) (S 28,9,4) (S 43,4,4) (S 4,4,13) (S 3,13,19) (S 24,19,20) (D 1,1,1)
0 1 5 32 47 8 (D 1,1,1) (S 31,28,26) (S 59,26,26) (S 2,26,27) (S 60,27,27) (S 30,5,6) (S 30,6,5) (D 1,1,1)
0 1 6 51 84 10 (D 1,1,1) (S 32,6,11) (S 21,11,12) (S 49,12,12) (S 33,12,18) (S 37,18,19) (S 20,19,22) (S 55,21,21) (S 8,21,22) (D 1,1,1)
0 1 7 38 49 6 (D 1,1,1) (S 6,2,8) (S 5,8,12) (S 21,12,11) (S 48,11,11) (D 1,1,1)
0 1 8 47 84 6 (D 1,1,1) (S 45,7,7) (S 18,14,15) (S 51,15,15) (S 52,17,17) (D 1,1,1)
0 1 9 40 65 7 (D 1,1,1) (S 19,1,30) (S 57,24,24) (S 56,23,23) (S 7,23,25) (S 58,25,25) (D 1,1,1)
0 1 10 49 85 8 (D 1,1,1) (S 42,3,3) (S 46,9,9) (S 50,13,13) (S 53,18,18) (S 37,18,19) (S 54,19,19) (D 1,1,1)
