483
9
58629478
27077451
0 1 1 43 57 6 (D 1,1,1) (S 2,1,20) (S 17,20,15) (S 26,15,21) (S 39,21,21) (D 1,1,1)
0 1 2 40 52 8 (D 1,1,1) (S 33,9,9) (S 28,3,3) (S 3,3,10) (S 24,10,2) (S 22,2,4) (S 29,4,4) (D 1,1,1)
0 1 3 36 43 5 (D 1,1,1) (S 16,1,11) (S 34,11,11) (S 30,5,5) (D 1,1,1)
0 1 4 0 0 1 (D 1,1,1) (D 1,1,1)
0 1 5 43 73 4 (D 1,1,1) (S 38,19,19) (S 40,22,22) (D 1,1,1)
0 1 6 43 58 7 (D 1,1,1) (S 19,1,19) (S 14,20,21) (S 11,21,24) (S 11,24,21) (S 17,15,20) (D 1,1,1)
0 1 7 26 69 5 (D 1,1,1) (S 27,2,2) (S 5,13,14) (S 9,16,17) (D 1,1,1)
0 1 8 42 75 7 (D 1,1,1) (S 32,7,7) (S 15,8,14) (S 35,14,14) (S 6,14,18) (S 37,18,18) (D 1,1,1)
0 1 9 32 56 6 (D 1,1,1) (S 31,6,6) (S 1,6,12) (S 18,12,17) (S 36,17,17) (D 1,1,1)
