83564
16
388491999381
388453950616
0 1 1 2708 3576 27 (D 1,1,1) (S 2,350,351) (S 791,305,305) (S 617,131,131) (S 276,131,116) (S 602,116,116) (S 175,116,561) (S 176,561,562) (S 246,562,560) (S 11,361,3) (S 489,3,3) (S 3,352,353) (S 792,306,306) (S 492,6,6) (S 827,341,341) (S 224,614,615) (S 598,112,112) (S 45,404,405) (S 46,405,406) (S 788,302,302) (S 47,407,408) (S 240,627,616) (S 227,616,617) (S 612,126,126) (S 499,13,13) (S 760,274,274) (D 1,1,1)
0 1 2 2324 4852 56 (D 1,1,1) (S 96,465,466) (S 599,113,113) (S 456,562,826) (S 457,827,656) (S 277,656,87) (S 573,87,87) (S 300,676,483) (S 301,483,169) (S 655,169,169) (S 302,169,104) (S 590,104,104) (S 303,104,677) (S 304,677,170) (S 656,170,170) (S 370,182,747) (S 668,182,182) (S 214,134,8) (S 215,8,604) (S 216,605,135) (S 621,135,135) (S 236,438,623) (S 237,623,624) (S 20,376,377) (S 21,377,378) (S 22,378,379) (S 188,379,580) (S 606,120,120) (S 607,121,121) (S 189,121,581) (S 190,580,582) (S 23,380,381) (S 708,222,222) (S 268,651,376) (S 639,153,153) (S 638,152,152) (S 637,151,151) (S 799,313,313) (S 261,647,603) (S 619,133,133) (S 259,601,646) (S 260,149,150) (S 636,150,150) (S 635,149,149) (S 331,705,706) (S 112,483,88) (S 574,88,88) (S 566,80,80) (S 784,298,298) (S 28,387,16) (S 502,16,16) (S 503,17,17) (S 92,17,461) (S 93,461,69) (S 555,69,69) (D 1,1,1)
0 1 3 2833 3455 14 (D 1,1,1) (S 770,284,284) (S 480,844,845) (S 768,282,282) (S 830,344,344) (S 628,142,142) (S 231,142,619) (S 226,138,139) (S 625,139,139) (S 670,184,184) (S 232,620,621) (S 521,35,35) (S 774,288,288) (D 1,1,1)
0 1 4 1847 4022 53 (D 1,1,1) (S 298,674,675) (S 299,675,385) (S 819,333,333) (S 26,385,386) (S 27,386,14) (S 500,14,14) (S 387,15,768) (S 501,15,15) (S 29,386,18) (S 504,18,18) (S 713,227,227) (S 460,448,521) (S 461,541,829) (S 700,214,214) (S 352,214,728) (S 699,213,213) (S 701,215,215) (S 149,531,532) (S 24,382,383) (S 25,383,384) (S 440,814,685) (S 757,271,271) (S 441,815,816) (S 309,683,684) (S 310,684,655) (S 490,4,4) (S 5,4,5) (S 491,5,5) (S 6,5,356) (S 522,36,36) (S 597,111,111) (S 596,110,110) (S 595,109,109) (S 569,83,83) (S 315,400,689) (S 42,400,401) (S 104,400,73) (S 559,73,73) (S 560,74,74) (S 561,75,75) (S 105,76,413) (S 51,413,414) (S 52,414,415) (S 805,319,319) (S 341,715,683) (S 657,171,171) (S 520,34,34) (S 307,681,126) (S 611,125,125) (S 616,130,130) (S 515,29,29) (D 1,1,1)
0 1 5 1012 2104 36 (D 1,1,1) (S 507,21,21) (S 632,146,146) (S 321,694,138) (S 624,138,138) (S 659,173,173) (S 474,173,840) (S 766,280,280) (S 572,86,86) (S 475,86,841) (S 829,343,343) (S 654,168,168) (S 346,168,108) (S 594,108,108) (S 478,697,577) (S 34,25,391) (S 187,391,579) (S 511,25,25) (S 517,31,31) (S 39,31,397) (S 340,397,714) (S 496,10,10) (S 497,11,11) (S 164,549,289) (S 775,289,289) (S 165,289,550) (S 101,11,472) (S 804,318,318) (S 671,185,185) (S 764,278,278) (S 185,575,576) (S 186,577,578) (S 776,290,290) (S 715,229,229) (S 357,229,632) (D 1,1,1)
0 1 6 3994 7124 51 (D 1,1,1) (S 533,47,47) (S 777,291,291) (S 778,292,292) (S 473,529,839) (S 314,173,558) (S 172,558,559) (S 16,369,370) (S 17,371,372) (S 518,32,32) (S 38,395,396) (S 516,30,30) (S 230,468,340) (S 826,340,340) (S 430,340,469) (S 99,469,470) (S 144,470,434) (S 68,434,53) (S 539,53,53) (S 69,53,435) (S 143,435,470) (S 431,469,4) (S 605,119,119) (S 282,522,660) (S 785,299,299) (S 126,498,499) (S 122,491,492) (S 328,701,702) (S 579,93,93) (S 32,389,390) (S 33,390,23) (S 509,23,23) (S 316,390,504) (S 130,504,24) (S 510,24,24) (S 131,24,505) (S 132,506,507) (S 350,724,725) (S 361,725,429) (S 133,508,509) (S 586,100,100) (S 167,553,554) (S 366,618,359) (S 487,1,1) (S 1,348,349) (S 584,98,98) (S 556,70,70) (S 751,265,265) (S 767,281,281) (S 765,279,279) (D 1,1,1)
0 1 7 2952 7090 70 (D 1,1,1) (S 642,156,156) (S 643,157,157) (S 278,157,657) (S 644,158,158) (S 796,310,310) (S 818,332,332) (S 81,448,449) (S 749,263,263) (S 546,60,60) (S 83,60,451) (S 547,61,61) (S 750,264,264) (S 94,69,462) (S 591,105,105) (S 161,105,546) (S 162,546,547) (S 163,547,548) (S 787,301,301) (S 592,106,106) (S 169,556,557) (S 562,76,76) (S 528,42,42) (S 685,199,199) (S 686,200,200) (S 7,200,357) (S 8,357,358) (S 9,358,359) (S 229,618,141) (S 283,661,662) (S 284,663,349) (S 285,349,490) (S 120,490,54) (S 540,54,54) (S 577,91,91) (S 66,431,50) (S 536,50,50) (S 80,447,312) (S 798,312,312) (S 324,180,698) (S 325,698,699) (S 538,52,52) (S 67,432,433) (S 537,51,51) (S 542,56,56) (S 541,55,55) (S 666,180,180) (S 369,180,746) (S 795,309,309) (S 286,309,159) (S 645,159,159) (S 287,664,665) (S 755,269,269) (S 786,300,300) (S 808,322,322) (S 508,22,22) (S 31,22,388) (S 687,201,201) (S 627,141,141) (S 626,140,140) (S 257,643,644) (S 585,99,99) (S 719,233,233) (S 318,511,49) (S 535,49,49) (S 534,48,48) (S 394,724,710) (S 337,710,711) (S 717,231,231) (D 1,1,1)
0 1 8 1404 3641 36 (D 1,1,1) (S 831,345,345) (S 769,283,283) (S 814,328,328) (S 313,687,688) (S 442,463,190) (S 676,190,190) (S 443,190,234) (S 720,234,234) (S 137,515,516) (S 661,175,175) (S 444,690,817) (S 183,571,572) (S 445,571,216) (S 702,216,216) (S 446,216,9) (S 495,9,9) (S 758,272,272) (S 447,818,819) (S 448,820,821) (S 603,117,117) (S 179,117,566) (S 233,143,622) (S 629,143,143) (S 449,822,770) (S 748,262,262) (S 450,823,187) (S 673,187,187) (S 343,718,716) (S 342,716,717) (S 377,719,754) (S 746,260,260) (S 674,188,188) (S 821,335,335) (S 820,334,334) (D 1,1,1)
0 1 9 3603 10820 98 (D 1,1,1) (S 213,603,134) (S 620,134,134) (S 494,8,8) (S 347,720,721) (S 202,593,43) (S 529,43,43) (S 833,347,347) (S 235,347,346) (S 832,346,346) (S 73,438,439) (S 74,439,294) (S 780,294,294) (S 271,484,652) (S 779,293,293) (S 544,58,58) (S 543,57,57) (S 75,57,440) (S 782,296,296) (S 634,148,148) (S 653,167,167) (S 773,287,287) (S 744,258,258) (S 742,256,256) (S 737,251,251) (S 367,252,744) (S 738,252,252) (S 630,144,144) (S 802,316,316) (S 12,362,363) (S 669,183,183) (S 334,183,708) (S 743,257,257) (S 703,217,217) (S 810,324,324) (S 704,218,218) (S 718,232,232) (S 759,273,273) (S 705,219,219) (S 353,729,730) (S 451,729,452) (S 84,452,453) (S 548,62,62) (S 709,223,223) (S 452,223,824) (S 453,824,102) (S 588,102,102) (S 454,102,825) (S 809,323,323) (S 191,583,584) (S 665,179,179) (S 664,178,178) (S 690,204,204) (S 667,181,181) (S 727,241,241) (S 691,205,205) (S 692,206,206) (S 728,242,242) (S 729,243,243) (S 693,207,207) (S 694,208,208) (S 695,209,209) (S 696,210,210) (S 730,244,244) (S 731,245,245) (S 697,211,211) (S 698,212,212) (S 359,736,737) (S 689,203,203) (S 662,176,176) (S 663,177,177) (S 688,202,202) (S 222,611,612) (S 817,331,331) (S 734,248,248) (S 364,249,742) (S 736,250,250) (S 735,249,249) (S 721,235,235) (S 498,12,12) (S 519,33,33) (S 40,33,398) (S 41,398,399) (S 593,107,107) (S 210,600,372) (S 177,563,564) (S 178,564,565) (S 793,307,307) (S 64,307,430) (S 134,510,511) (S 390,771,772) (S 568,82,82) (S 432,808,172) (S 658,172,172) (S 60,423,424) (S 493,7,7) (S 43,34,402) (D 1,1,1)
0 1 10 2584 6495 53 (D 1,1,1) (S 472,184,529) (S 148,529,530) (S 714,228,228) (S 356,734,369) (S 811,325,325) (S 801,315,315) (S 822,336,336) (S 578,92,92) (S 800,314,314) (S 329,504,703) (S 371,703,254) (S 740,254,254) (S 803,317,317) (S 372,317,255) (S 741,255,255) (S 330,255,704) (S 166,551,552) (S 652,166,166) (S 716,230,230) (S 733,247,247) (S 732,246,246) (S 600,114,114) (S 115,485,486) (S 399,485,781) (S 400,781,782) (S 401,783,626) (S 410,794,574) (S 633,147,147) (S 248,147,634) (S 368,745,253) (S 739,253,253) (S 291,668,669) (S 651,165,165) (S 404,165,786) (S 405,786,787) (S 351,726,727) (S 125,496,497) (S 554,68,68) (S 553,67,67) (S 711,225,225) (S 552,66,66) (S 415,456,455) (S 416,455,798) (S 417,799,90) (S 576,90,90) (S 512,26,26) (S 35,26,27) (S 514,28,28) (S 513,27,27) (S 609,123,123) (S 712,226,226) (D 1,1,1)
0 1 11 200 1384 14 (D 1,1,1) (S 761,275,275) (S 828,342,342) (S 608,122,122) (S 580,94,94) (S 123,94,493) (S 124,494,495) (S 660,174,174) (S 463,174,831) (S 61,425,426) (S 583,97,97) (S 582,96,96) (S 618,132,132) (D 1,1,1)
0 1 12 3550 6698 36 (D 1,1,1) (S 601,115,115) (S 726,240,240) (S 464,832,659) (S 208,597,598) (S 363,598,741) (S 209,598,599) (S 762,276,276) (S 672,186,186) (S 640,154,154) (S 411,574,795) (S 824,338,338) (S 403,784,785) (S 414,785,277) (S 763,277,277) (S 825,339,339) (S 581,95,95) (S 684,198,198) (S 91,460,321) (S 807,321,321) (S 218,606,607) (S 797,311,311) (S 406,788,789) (S 683,197,197) (S 557,71,71) (S 102,473,72) (S 558,72,72) (S 103,72,454) (S 86,454,455) (S 570,84,84) (S 373,748,749) (S 745,259,259) (S 374,749,750) (S 376,752,753) (S 184,573,574) (D 1,1,1)
0 1 13 3394 6552 25 (D 1,1,1) (S 631,145,145) (S 613,127,127) (S 589,103,103) (S 152,536,537) (S 153,537,535) (S 151,535,308) (S 794,308,308) (S 815,329,329) (S 604,118,118) (S 180,118,567) (S 181,568,569) (S 182,568,570) (S 789,303,303) (S 756,270,270) (S 486,855,286) (S 772,286,286) (S 771,285,285) (S 485,853,854) (S 813,327,327) (S 523,37,37) (S 117,409,89) (S 575,89,89) (S 610,124,124) (D 1,1,1)
0 1 14 2690 7638 49 (D 1,1,1) (S 48,37,409) (S 358,409,735) (S 118,488,297) (S 783,297,297) (S 524,38,38) (S 384,764,500) (S 127,500,501) (S 386,766,767) (S 385,765,365) (S 525,39,39) (S 349,364,722) (S 348,722,723) (S 707,221,221) (S 812,326,326) (S 4,354,355) (S 398,132,780) (S 567,81,81) (S 30,367,19) (S 505,19,19) (S 506,20,20) (S 571,85,85) (S 706,220,220) (S 380,759,757) (S 379,757,758) (S 382,762,763) (S 408,792,793) (S 409,793,266) (S 752,266,266) (S 753,267,267) (S 412,267,160) (S 646,160,160) (S 678,192,192) (S 679,193,193) (S 680,194,194) (S 725,239,239) (S 413,796,797) (S 587,101,101) (S 289,524,667) (S 290,667,416) (S 649,163,163) (S 650,164,164) (S 781,295,295) (S 362,740,129) (S 615,129,129) (S 488,2,2) (S 823,337,337) (S 641,155,155) (D 1,1,1)
0 1 15 209 2531 10 (D 1,1,1) (S 119,481,489) (S 549,63,63) (S 550,64,64) (S 551,65,65) (S 710,224,224) (S 790,304,304) (S 675,189,189) (S 806,320,320) (D 1,1,1)
0 1 16 1786 5582 42 (D 1,1,1) (S 682,196,196) (S 681,195,195) (S 647,161,161) (S 648,162,162) (S 50,411,412) (S 526,40,40) (S 622,136,136) (S 53,416,417) (S 545,59,59) (S 563,77,77) (S 355,732,733) (S 564,78,78) (S 565,79,79) (S 223,79,613) (S 106,79,474) (S 54,417,418) (S 55,418,419) (S 56,419,420) (S 530,44,44) (S 57,44,421) (S 58,421,46) (S 532,46,46) (S 205,594,128) (S 614,128,128) (S 677,191,191) (S 754,268,268) (S 531,45,45) (S 623,137,137) (S 365,609,743) (S 221,609,610) (S 527,41,41) (S 220,41,608) (S 722,236,236) (S 816,330,330) (S 724,238,238) (S 723,237,237) (S 383,763,261) (S 747,261,261) (S 381,760,761) (S 378,755,756) (D 1,1,1)
