338
10
47086200
14799889
0 1 1 0 0 1 (D 1,1,1) (D 1,1,1)
0 1 2 14 21 5 (D 1,1,1) (S 4,1,24) (S 17,24,27) (S 45,27,27) (D 1,1,1)
0 1 3 0 0 1 (D 1,1,1) (D 1,1,1)
0 1 4 25 32 5 (D 1,1,1) (S 14,1,3) (S 7,3,6) (S 35,6,6) (D 1,1,1)
0 1 5 26 35 6 (D 1,1,1) (S 41,19,19) (S 33,4,4) (S 6,4,10) (S 38,10,10) (D 1,1,1)
0 1 6 22 54 6 (D 1,1,1) (S 1,3,8) (S 8,22,25) (S 44,25,25) (S 2,2,12) (D 1,1,1)
0 1 7 19 38 5 (D 1,1,1) (S 34,5,5) (S 11,5,6) (S 36,7,7) (D 1,1,1)
0 1 8 27 46 7 (D 1,1,1) (S 19,13,15) (S 20,15,20) (S 42,20,20) (S 43,21,21) (S 18,21,23) (D 1,1,1)
0 1 9 25 63 8 (D 1,1,1) (S 37,8,8) (S 10,8,9) (S 16,12,13) (S 29,18,21) (S 12,14,16) (S 40,16,16) (D 1,1,1)
0 1 10 27 49 4 (D 1,1,1) (S 5,1,17) (S 39,14,14) (D 1,1,1)
