860
9
192880445
152150697
0 1 1 49 63 7 (D 1,1,1) (S 32,1,7) (S 60,7,7) (S 20,7,6) (S 40,6,18) (S 69,18,18) (D 1,1,1)
0 1 2 52 73 8 (D 1,1,1) (S 48,1,6) (S 59,6,6) (S 20,6,7) (S 65,13,13) (S 64,12,12) (S 41,12,18) (D 1,1,1)
0 1 3 68 98 11 (D 1,1,1) (S 55,2,2) (S 31,2,8) (S 61,8,8) (S 1,8,14) (S 66,14,14) (S 22,14,20) (S 71,20,20) (S 37,20,26) (S 75,26,26) (D 1,1,1)
0 1 4 65 131 9 (D 1,1,1) (S 15,9,10) (S 63,11,11) (S 16,10,16) (S 33,16,15) (S 23,15,21) (S 3,21,27) (S 38,27,28) (D 1,1,1)
0 1 5 66 114 12 (D 1,1,1) (S 23,15,21) (S 72,21,21) (S 37,20,26) (S 7,26,31) (S 26,31,32) (S 18,32,33) (S 2,33,34) (S 79,34,34) (S 21,34,24) (S 21,24,34) (D 1,1,1)
0 1 6 66 134 13 (D 1,1,1) (S 4,15,22) (S 25,22,28) (S 77,28,28) (S 38,28,27) (S 76,27,27) (S 70,19,19) (S 6,19,25) (S 10,30,31) (S 26,31,32) (S 18,32,33) (S 17,22,23) (D 1,1,1)
0 1 7 74 113 10 (D 1,1,1) (S 67,15,15) (S 62,10,10) (S 46,10,11) (S 28,11,5) (S 49,5,4) (S 57,4,4) (S 52,4,3) (S 56,3,3) (D 1,1,1)
0 1 8 59 134 12 (D 1,1,1) (S 74,25,25) (S 29,25,29) (S 78,29,29) (S 29,29,25) (S 11,16,17) (S 68,17,17) (S 35,17,24) (S 73,24,24) (S 24,24,11) (S 58,5,5) (D 1,1,1)
0 1 9 0 0 1 (D 1,1,1) (D 1,1,1)
