223
7
62200308
16699543
0 1 1 6 10 4 (D 1,1,1) (S 1,3,4) (S 30,4,4) (D 1,1,1)
0 1 2 20 33 7 (D 1,1,1) (S 29,3,3) (S 31,5,5) (S 10,5,10) (S 7,10,11) (S 3,11,15) (D 1,1,1)
0 1 3 18 37 6 (D 1,1,1) (S 15,5,6) (S 32,6,6) (S 5,6,7) (S 34,8,8) (D 1,1,1)
0 1 4 19 38 9 (D 1,1,1) (S 28,2,2) (S 9,10,20) (S 20,20,23) (S 20,20,23) (S 23,23,24) (S 12,15,16) (S 12,16,15) (D 1,1,1)
0 1 5 18 44 8 (D 1,1,1) (S 37,12,12) (S 16,13,14) (S 39,14,14) (S 18,18,17) (S 38,13,13) (S 36,11,11) (D 1,1,1)
0 1 6 9 18 4 (D 1,1,1) (S 26,4,5) (S 35,9,9) (D 1,1,1)
0 1 7 13 43 6 (D 1,1,1) (S 33,7,7) (S 11,13,17) (S 18,17,18) (S 40,16,16) (D 1,1,1)
