790
9
256550200
224160393
0 1 1 63 70 7 (D 1,1,1) (S 11,1,5) (S 7,5,8) (S 21,8,14) (S 21,14,8) (S 55,8,8) (D 1,1,1)
0 1 2 57 88 12 (D 1,1,1) (S 23,7,4) (S 52,4,4) (S 46,7,6) (S 53,6,6) (S 42,6,11) (S 18,11,12) (S 18,12,11) (S 17,11,16) (S 3,16,17) (S 19,17,14) (D 1,1,1)
0 1 3 51 74 7 (D 1,1,1) (S 24,9,15) (S 9,10,15) (S 24,15,9) (S 56,9,9) (S 50,2,2) (D 1,1,1)
0 1 4 53 77 8 (D 1,1,1) (S 51,3,3) (S 2,3,10) (S 20,10,9) (S 20,9,10) (S 13,10,19) (S 59,15,15) (D 1,1,1)
0 1 5 55 103 10 (D 1,1,1) (S 8,11,20) (S 32,20,21) (S 64,21,21) (S 68,25,25) (S 72,30,30) (S 27,30,29) (S 71,29,29) (S 27,29,30) (D 1,1,1)
0 1 6 54 99 9 (D 1,1,1) (S 58,14,14) (S 1,17,22) (S 65,22,22) (S 43,22,29) (S 44,26,23) (S 66,23,23) (S 62,18,18) (D 1,1,1)
0 1 7 48 89 7 (D 1,1,1) (S 54,7,7) (S 28,7,12) (S 57,12,12) (S 17,11,16) (S 60,16,16) (D 1,1,1)
0 1 8 40 92 8 (D 1,1,1) (S 61,17,17) (S 43,22,29) (S 33,29,28) (S 70,28,28) (S 48,21,29) (S 14,17,18) (D 1,1,1)
0 1 9 49 98 9 (D 1,1,1) (S 30,13,16) (S 32,21,20) (S 63,20,20) (S 12,20,24) (S 67,24,24) (S 10,24,27) (S 69,27,27) (D 1,1,1)
