812
10
451170304
413608626
0 1 1 40 49 6 (D 1,1,1) (S 48,1,10) (S 79,10,10) (S 45,10,17) (S 86,17,17) (D 1,1,1)
0 1 2 61 77 11 (D 1,1,1) (S 21,1,5) (S 75,5,5) (S 76,6,6) (S 15,6,7) (S 28,7,12) (S 81,12,12) (S 19,12,19) (S 87,19,19) (S 80,11,11) (D 1,1,1)
0 1 3 70 84 17 (D 1,1,1) (S 78,9,9) (S 38,14,22) (S 38,22,14) (S 83,14,14) (S 9,14,15) (S 12,15,24) (S 92,24,24) (S 96,29,29) (S 32,29,37) (S 32,37,29) (S 44,29,23) (S 91,23,23) (S 10,23,28) (S 52,28,27) (S 94,27,27) (D 1,1,1)
0 1 4 46 69 10 (D 1,1,1) (S 85,16,16) (S 53,16,15) (S 84,15,15) (S 71,30,39) (S 34,39,31) (S 25,31,32) (S 98,32,32) (S 25,32,31) (D 1,1,1)
0 1 5 62 89 12 (D 1,1,1) (S 72,2,2) (S 43,2,3) (S 73,3,3) (S 23,3,4) (S 74,4,4) (S 69,17,30) (S 97,30,30) (S 3,30,38) (S 102,38,38) (S 59,38,37) (D 1,1,1)
0 1 6 63 82 14 (D 1,1,1) (S 56,13,8) (S 77,8,8) (S 56,8,13) (S 58,13,22) (S 90,22,22) (S 58,22,13) (S 82,13,13) (S 89,21,21) (S 63,26,25) (S 93,25,25) (S 63,25,26) (S 17,21,22) (D 1,1,1)
0 1 7 66 95 13 (D 1,1,1) (S 5,9,14) (S 95,28,28) (S 51,27,35) (S 100,35,35) (S 11,35,36) (S 99,33,33) (S 55,33,25) (S 37,25,20) (S 88,20,20) (S 37,20,25) (S 6,26,27) (D 1,1,1)
0 1 8 65 111 11 (D 1,1,1) (S 44,23,29) (S 103,39,39) (S 68,39,40) (S 34,31,39) (S 107,47,47) (S 30,38,36) (S 101,36,36) (S 31,46,45) (S 106,45,45) (D 1,1,1)
0 1 9 64 103 13 (D 1,1,1) (S 2,26,34) (S 7,34,42) (S 18,42,43) (S 104,43,43) (S 27,43,44) (S 59,37,38) (S 22,45,49) (S 108,49,49) (S 36,49,48) (S 36,48,49) (S 22,45,49) (D 1,1,1)
0 1 10 22 53 5 (D 1,1,1) (S 13,28,29) (S 30,38,36) (S 105,44,44) (D 1,1,1)
