21142
26
137146568
131947698
0 1 1 0 0 1 (D 1,1,1) (D 1,1,1)
0 1 2 0 0 1 (D 1,1,1) (D 1,1,1)
0 1 3 0 0 1 (D 1,1,1) (D 1,1,1)
0 1 4 1148 1459 5 (D 1,1,1) (S 41,21,29) (S 57,29,38) (S 74,38,49) (D 1,1,1)
0 1 5 0 0 1 (D 1,1,1) (D 1,1,1)
0 1 6 1558 1928 6 (D 1,1,1) (S 59,30,39) (S 76,39,50) (S 90,50,51) (S 91,51,52) (D 1,1,1)
0 1 7 0 0 1 (D 1,1,1) (D 1,1,1)
0 1 8 0 0 1 (D 1,1,1) (D 1,1,1)
0 1 9 0 0 1 (D 1,1,1) (D 1,1,1)
0 1 10 1542 1770 5 (D 1,1,1) (S 42,22,23) (S 25,13,14) (S 27,14,24) (D 1,1,1)
0 1 11 0 0 1 (D 1,1,1) (D 1,1,1)
0 1 12 1530 1812 6 (D 1,1,1) (S 43,22,30) (S 58,30,31) (S 61,31,40) (S 78,40,51) (D 1,1,1)
0 1 13 1190 1558 5 (D 1,1,1) (S 60,31,32) (S 63,32,41) (S 79,41,52) (D 1,1,1)
0 1 14 0 0 1 (D 1,1,1) (D 1,1,1)
0 1 15 0 0 1 (D 1,1,1) (D 1,1,1)
0 1 16 790 1092 4 (D 1,1,1) (S 23,12,13) (S 11,6,7) (D 1,1,1)
0 1 17 0 0 1 (D 1,1,1) (D 1,1,1)
0 1 18 1291 1763 6 (D 1,1,1) (S 38,20,28) (S 52,27,36) (S 20,10,16) (S 18,10,11) (D 1,1,1)
0 1 19 1249 1520 5 (D 1,1,1) (S 44,23,24) (S 46,24,32) (S 62,32,40) (D 1,1,1)
0 1 20 0 0 1 (D 1,1,1) (D 1,1,1)
0 1 21 573 905 4 (D 1,1,1) (S 56,29,37) (S 72,37,48) (D 1,1,1)
0 1 22 1226 1620 4 (D 1,1,1) (S 50,26,35) (S 69,35,44) (D 1,1,1)
0 1 23 1552 2115 6 (D 1,1,1) (S 4,2,9) (S 36,19,26) (S 48,25,33) (S 64,33,34) (D 1,1,1)
0 1 24 1392 1863 5 (D 1,1,1) (S 34,18,25) (S 65,33,42) (S 80,42,43) (D 1,1,1)
0 1 25 1253 1737 4 (D 1,1,1) (S 67,34,43) (S 81,42,45) (D 1,1,1)
0 1 26 0 0 1 (D 1,1,1) (D 1,1,1)
