460
9
82807802
46139683
0 1 1 0 0 1 (D 1,1,1) (D 1,1,1)
0 1 2 27 37 4 (D 1,1,1) (S 15,1,19) (S 44,19,19) (D 1,1,1)
0 1 3 37 59 15 (D 1,1,1) (S 5,1,5) (S 11,2,10) (S 11,10,2) (S 32,2,2) (S 14,5,4) (S 14,4,5) (S 22,5,6) (S 3,7,13) (S 27,13,17) (S 20,17,16) (S 20,16,17) (S 30,17,18) (S 43,18,18) (D 1,1,1)
0 1 4 28 33 6 (D 1,1,1) (S 9,1,20) (S 16,20,15) (S 40,15,15) (S 16,15,20) (D 1,1,1)
0 1 5 40 63 7 (D 1,1,1) (S 17,19,9) (S 17,9,19) (S 21,19,22) (S 7,22,23) (S 46,23,23) (D 1,1,1)
0 1 6 25 37 4 (D 1,1,1) (S 33,3,3) (S 8,3,4) (D 1,1,1)
0 1 7 41 77 6 (D 1,1,1) (S 18,1,11) (S 38,13,13) (S 13,20,21) (S 45,21,21) (D 1,1,1)
0 1 8 44 91 8 (D 1,1,1) (S 10,12,16) (S 41,16,16) (S 42,17,17) (S 39,14,14) (S 36,8,8) (S 35,7,7) (D 1,1,1)
0 1 9 43 63 5 (D 1,1,1) (S 18,1,11) (S 34,6,6) (S 37,12,12) (D 1,1,1)
