672
9
189547263
148166389
0 1 1 52 73 8 (D 1,1,1) (S 2,1,6) (S 53,6,6) (S 41,1,40) (S 76,40,40) (S 55,8,8) (S 32,8,9) (D 1,1,1)
0 1 2 50 60 8 (D 1,1,1) (S 44,1,11) (S 6,11,16) (S 21,16,15) (S 35,15,9) (S 56,9,9) (S 57,10,10) (D 1,1,1)
0 1 3 64 91 9 (D 1,1,1) (S 50,2,2) (S 3,2,36) (S 72,36,36) (S 8,1,35) (S 68,28,28) (S 67,27,27) (S 12,27,34) (D 1,1,1)
0 1 4 57 86 9 (D 1,1,1) (S 58,11,11) (S 23,11,12) (S 23,12,11) (S 21,16,15) (S 61,16,16) (S 19,33,26) (S 66,26,26) (D 1,1,1)
0 1 5 38 66 9 (D 1,1,1) (S 70,33,33) (S 19,33,26) (S 22,34,35) (S 71,35,35) (S 46,37,38) (S 74,38,38) (S 29,2,1) (D 1,1,1)
0 1 6 52 92 11 (D 1,1,1) (S 49,17,13) (S 33,21,24) (S 33,24,21) (S 27,21,22) (S 64,22,22) (S 7,22,25) (S 65,23,23) (S 63,20,20) (S 59,12,12) (D 1,1,1)
0 1 7 59 80 14 (D 1,1,1) (S 39,3,4) (S 52,4,4) (S 18,38,39) (S 16,39,5) (S 16,5,39) (S 75,39,39) (S 20,32,31) (S 31,31,37) (S 25,37,3) (S 51,3,3) (S 25,3,37) (S 73,37,37) (D 1,1,1)
0 1 8 56 79 7 (D 1,1,1) (S 9,7,13) (S 60,13,13) (S 1,18,19) (S 62,18,18) (S 54,7,7) (D 1,1,1)
0 1 9 19 45 4 (D 1,1,1) (S 24,30,31) (S 69,31,31) (D 1,1,1)
