180
8
43524136
15055374
0 1 1 8 12 5 (D 1,1,1) (S 20,1,11) (S 38,7,7) (S 30,2,11) (D 1,1,1)
0 1 2 18 20 6 (D 1,1,1) (S 28,1,5) (S 16,5,8) (S 36,5,5) (S 8,5,7) (D 1,1,1)
0 1 3 18 21 4 (D 1,1,1) (S 25,1,10) (S 11,3,11) (D 1,1,1)
0 1 4 19 20 4 (D 1,1,1) (S 18,1,3) (S 34,3,3) (D 1,1,1)
0 1 5 25 27 5 (D 1,1,1) (S 4,1,2) (S 33,2,2) (S 29,2,9) (D 1,1,1)
0 1 6 16 18 4 (D 1,1,1) (S 37,6,6) (S 7,6,8) (D 1,1,1)
0 1 7 27 31 8 (D 1,1,1) (S 2,1,4) (S 12,4,6) (S 26,6,9) (S 24,2,8) (S 10,8,9) (S 3,9,10) (D 1,1,1)
0 1 8 26 31 7 (D 1,1,1) (S 31,1,9) (S 13,4,9) (S 35,4,4) (S 1,2,7) (S 14,7,11) (D 1,1,1)
