911
9
280584082
240183190
0 1 1 33 39 9 (D 1,1,1) (S 22,1,7) (S 42,7,8) (S 73,8,8) (S 17,8,2) (S 67,2,2) (S 17,2,8) (S 42,8,7) (D 1,1,1)
0 1 2 25 37 7 (D 1,1,1) (S 40,3,4) (S 69,4,4) (S 40,4,3) (S 68,3,3) (S 9,3,9) (D 1,1,1)
0 1 3 58 94 11 (D 1,1,1) (S 74,9,9) (S 75,10,10) (S 18,16,19) (S 18,16,19) (S 79,15,15) (S 10,15,25) (S 34,24,23) (S 85,23,23) (S 72,7,7) (D 1,1,1)
0 1 4 73 121 11 (D 1,1,1) (S 78,14,14) (S 30,14,24) (S 86,24,24) (S 7,25,31) (S 27,31,32) (S 41,32,36) (S 32,36,35) (S 26,35,34) (S 92,34,34) (D 1,1,1)
0 1 5 68 109 11 (D 1,1,1) (S 31,11,12) (S 31,12,11) (S 39,11,5) (S 70,5,5) (S 71,6,6) (S 76,12,12) (S 13,11,16) (S 1,16,17) (S 80,17,17) (D 1,1,1)
0 1 6 70 116 12 (D 1,1,1) (S 12,11,17) (S 45,20,19) (S 82,19,19) (S 54,25,26) (S 20,26,32) (S 88,27,27) (S 33,27,26) (S 54,26,25) (S 23,23,13) (S 77,13,13) (D 1,1,1)
0 1 7 70 126 10 (D 1,1,1) (S 8,17,18) (S 81,18,18) (S 3,20,21) (S 83,21,21) (S 84,22,22) (S 36,28,27) (S 20,32,26) (S 87,26,26) (D 1,1,1)
0 1 8 71 130 13 (D 1,1,1) (S 5,9,14) (S 66,29,30) (S 89,30,30) (S 43,29,34) (S 94,36,36) (S 4,36,40) (S 95,39,39) (S 44,39,36) (S 93,35,35) (S 26,35,34) (S 43,34,29) (D 1,1,1)
0 1 9 62 139 12 (D 1,1,1) (S 11,30,31) (S 90,31,31) (S 41,32,36) (S 15,39,40) (S 56,39,38) (S 56,38,39) (S 15,39,40) (S 29,37,41) (S 96,41,41) (S 91,33,33) (D 1,1,1)
