223
11
56851092
26475313
0 1 1 24 26 5 (D 1,1,1) (S 17,1,3) (S 40,3,3) (S 1,3,9) (D 1,1,1)
0 1 2 26 29 7 (D 1,1,1) (S 4,1,11) (S 35,1,6) (S 43,6,6) (S 33,4,7) (S 26,7,11) (D 1,1,1)
0 1 3 27 31 7 (D 1,1,1) (S 36,1,7) (S 42,5,5) (S 34,5,9) (S 28,9,10) (S 47,10,10) (D 1,1,1)
0 1 4 0 0 1 (D 1,1,1) (D 1,1,1)
0 1 5 27 30 5 (D 1,1,1) (S 9,1,2) (S 6,2,9) (S 44,7,7) (D 1,1,1)
0 1 6 21 22 6 (D 1,1,1) (S 32,1,4) (S 41,4,4) (S 20,4,10) (S 10,10,11) (D 1,1,1)
0 1 7 12 13 4 (D 1,1,1) (S 23,1,5) (S 5,5,8) (D 1,1,1)
0 1 8 16 20 4 (D 1,1,1) (S 8,2,10) (S 38,4,11) (D 1,1,1)
0 1 9 25 28 4 (D 1,1,1) (S 39,2,2) (S 30,2,7) (D 1,1,1)
0 1 10 12 13 4 (D 1,1,1) (S 29,1,8) (S 45,8,8) (D 1,1,1)
0 1 11 8 11 4 (D 1,1,1) (S 12,4,9) (S 46,9,9) (D 1,1,1)
