551
10
102431450
71040132
0 1 1 49 59 11 (D 1,1,1) (S 27,1,30) (S 27,30,1) (S 18,1,2) (S 4,3,4) (S 1,4,13) (S 29,13,12) (S 59,12,12) (S 29,12,13) (S 53,4,4) (D 1,1,1)
0 1 2 50 54 7 (D 1,1,1) (S 18,1,2) (S 51,2,2) (S 10,2,8) (S 56,8,8) (S 9,8,9) (D 1,1,1)
0 1 3 0 0 1 (D 1,1,1) (D 1,1,1)
0 1 4 48 70 9 (D 1,1,1) (S 3,1,7) (S 50,7,6) (S 55,6,6) (S 22,11,12) (S 46,12,18) (S 34,18,21) (S 64,21,21) (D 1,1,1)
0 1 5 50 77 12 (D 1,1,1) (S 47,29,28) (S 66,28,28) (S 35,28,26) (S 5,26,27) (S 12,27,29) (S 42,29,30) (S 42,30,29) (S 24,31,5) (S 57,10,10) (S 61,17,17) (D 1,1,1)
0 1 6 39 62 7 (D 1,1,1) (S 52,3,3) (S 14,9,13) (S 16,13,19) (S 26,19,18) (S 62,18,18) (D 1,1,1)
0 1 7 48 77 9 (D 1,1,1) (S 35,28,26) (S 65,23,23) (S 40,6,11) (S 58,11,11) (S 37,10,5) (S 54,5,5) (S 24,5,31) (D 1,1,1)
0 1 8 42 76 9 (D 1,1,1) (S 15,1,31) (S 41,14,15) (S 60,15,15) (S 41,15,14) (S 7,10,11) (S 26,18,19) (S 63,19,19) (D 1,1,1)
0 1 9 26 76 4 (D 1,1,1) (S 23,19,20) (S 17,21,22) (D 1,1,1)
0 1 10 0 0 1 (D 1,1,1) (D 1,1,1)
