1123
12
677868233
667844008
0 1 1 74 137 11 (D 1,1,1) (S 2,1,5) (S 103,5,5) (S 9,5,6) (S 1,1,2) (S 4,2,3) (S 6,3,4) (S 8,4,10) (S 104,10,10) (S 113,8,8) (D 1,1,1)
0 1 2 62 110 12 (D 1,1,1) (S 110,12,12) (S 26,12,20) (S 42,20,30) (S 63,30,34) (S 73,34,40) (S 70,33,40) (S 83,40,47) (S 95,47,48) (S 86,41,49) (S 115,41,41) (D 1,1,1)
0 1 3 24 41 5 (D 1,1,1) (S 13,6,12) (S 24,11,19) (S 39,19,20) (D 1,1,1)
0 1 4 71 114 12 (D 1,1,1) (S 12,6,7) (S 16,7,13) (S 27,13,14) (S 105,14,14) (S 30,14,22) (S 102,22,22) (S 45,22,23) (S 48,23,31) (S 55,27,30) (S 99,30,30) (D 1,1,1)
0 1 5 55 104 9 (D 1,1,1) (S 10,5,11) (S 108,11,11) (S 38,18,29) (S 62,29,39) (S 98,39,39) (S 71,33,46) (S 94,46,47) (D 1,1,1)
0 1 6 0 0 1 (D 1,1,1) (D 1,1,1)
0 1 7 59 103 10 (D 1,1,1) (S 11,5,18) (S 37,18,26) (S 116,26,26) (S 54,26,34) (S 72,34,35) (S 74,35,36) (S 100,36,36) (S 76,36,37) (D 1,1,1)
0 1 8 58 106 10 (D 1,1,1) (S 41,20,21) (S 44,21,27) (S 58,27,36) (S 77,36,42) (S 88,42,44) (S 106,44,44) (S 52,26,29) (S 109,29,29) (D 1,1,1)
0 1 9 66 120 11 (D 1,1,1) (S 29,14,15) (S 31,15,16) (S 101,16,16) (S 33,16,17) (S 20,9,15) (S 32,15,23) (S 107,31,31) (S 64,31,32) (S 66,32,37) (D 1,1,1)
0 1 10 75 125 12 (D 1,1,1) (S 14,6,13) (S 47,23,24) (S 49,24,25) (S 114,25,25) (S 51,25,28) (S 59,28,32) (S 111,32,32) (S 67,32,38) (S 117,38,38) (S 81,38,45) (D 1,1,1)
0 1 11 75 163 13 (D 1,1,1) (S 53,26,30) (S 57,27,35) (S 82,40,41) (S 84,41,42) (S 79,37,43) (S 90,43,50) (S 112,43,43) (S 89,43,45) (S 93,45,50) (S 91,44,49) (S 97,49,50) (D 1,1,1)
0 1 12 0 0 1 (D 1,1,1) (D 1,1,1)
