22152
12
83465971
77903650
0 1 1 484 367 4 (D 1,1,1) (S 9,1,2) (S 9,2,1) (D 1,1,1)
0 1 2 815 1167 5 (D 1,1,1) (S 12,2,8) (S 13,8,3) (S 1,4,10) (D 1,1,1)
0 1 3 1730 1731 8 (D 1,1,1) (S 18,7,14) (S 34,14,8) (S 24,9,16) (S 38,16,15) (S 39,15,20) (S 35,15,14) (D 1,1,1)
0 1 4 1744 2194 9 (D 1,1,1) (S 67,14,14) (S 35,14,15) (S 38,15,16) (S 4,16,23) (S 58,27,29) (S 8,29,30) (S 78,30,30) (D 1,1,1)
0 1 5 1198 1904 8 (D 1,1,1) (S 36,14,21) (S 24,16,9) (S 68,16,16) (S 27,17,10) (S 65,10,10) (S 12,8,2) (D 1,1,1)
0 1 6 1719 1889 9 (D 1,1,1) (S 11,2,3) (S 14,4,5) (S 27,10,17) (S 69,17,17) (S 43,17,18) (S 26,10,11) (S 26,11,10) (D 1,1,1)
0 1 7 1682 2072 7 (D 1,1,1) (S 39,15,20) (S 7,21,26) (S 56,26,27) (S 59,29,28) (S 74,23,23) (D 1,1,1)
0 1 8 1518 2128 9 (D 1,1,1) (S 70,18,18) (S 45,18,19) (S 31,12,13) (S 31,13,12) (S 32,12,19) (S 48,19,25) (S 73,22,22) (D 1,1,1)
0 1 9 1444 2463 8 (D 1,1,1) (S 52,23,24) (S 53,24,25) (S 48,25,19) (S 32,19,12) (S 61,31,30) (S 72,21,21) (D 1,1,1)
0 1 10 1691 1971 6 (D 1,1,1) (S 15,5,6) (S 15,6,5) (S 64,6,6) (S 3,13,19) (D 1,1,1)
0 1 11 1663 2238 9 (D 1,1,1) (S 13,8,3) (S 5,18,24) (S 61,30,31) (S 79,31,31) (S 53,25,24) (S 71,19,19) (S 66,12,12) (D 1,1,1)
0 1 12 1565 2028 7 (D 1,1,1) (S 45,18,19) (S 75,25,25) (S 77,29,29) (S 59,29,28) (S 76,28,28) (D 1,1,1)
