916
10
603948838
565882997
0 1 1 60 71 16 (D 1,1,1) (S 33,1,6) (S 27,6,7) (S 48,7,13) (S 1,13,14) (S 4,14,15) (S 23,9,16) (S 23,16,9) (S 39,9,8) (S 70,8,8) (S 28,8,7) (S 28,7,8) (S 39,8,9) (S 71,9,9) (S 48,7,13) (D 1,1,1)
0 1 2 70 98 11 (D 1,1,1) (S 33,1,6) (S 27,6,7) (S 65,2,2) (S 21,2,3) (S 66,3,3) (S 67,4,4) (S 49,10,17) (S 78,17,17) (S 49,17,10) (D 1,1,1)
0 1 3 57 77 9 (D 1,1,1) (S 57,6,13) (S 57,13,6) (S 69,6,6) (S 17,11,19) (S 80,19,19) (S 46,19,26) (S 87,26,26) (D 1,1,1)
0 1 4 76 102 16 (D 1,1,1) (S 73,12,12) (S 61,12,13) (S 74,13,13) (S 13,21,27) (S 3,27,35) (S 29,35,41) (S 101,41,41) (S 26,41,48) (S 108,48,48) (S 26,48,41) (S 100,40,40) (S 94,34,34) (S 90,30,30) (S 81,20,20) (D 1,1,1)
0 1 5 63 95 9 (D 1,1,1) (S 72,11,11) (S 44,18,29) (S 14,29,33) (S 6,33,46) (S 106,46,46) (S 107,47,47) (S 68,5,5) (D 1,1,1)
0 1 6 74 97 13 (D 1,1,1) (S 75,14,14) (S 76,15,15) (S 16,15,16) (S 41,16,24) (S 85,24,24) (S 7,24,25) (S 86,25,25) (S 55,28,32) (S 92,32,32) (S 91,31,31) (S 45,31,23) (D 1,1,1)
0 1 7 14 37 4 (D 1,1,1) (S 84,23,23) (S 83,22,22) (D 1,1,1)
0 1 8 69 129 15 (D 1,1,1) (S 32,26,30) (S 22,30,34) (S 15,34,40) (S 93,33,33) (S 99,39,39) (S 19,47,48) (S 104,44,44) (S 10,44,50) (S 110,50,50) (S 30,50,43) (S 24,37,36) (S 95,35,35) (S 79,18,18) (D 1,1,1)
0 1 9 46 90 9 (D 1,1,1) (S 77,16,16) (S 25,24,23) (S 97,37,37) (S 96,36,36) (S 102,42,42) (S 18,44,49) (S 109,49,49) (D 1,1,1)
0 1 10 74 120 10 (D 1,1,1) (S 82,21,21) (S 88,27,27) (S 103,43,43) (S 105,45,45) (S 37,45,43) (S 98,38,38) (S 89,28,28) (S 45,31,23) (D 1,1,1)
