23276
26
1266397150
1256999707
0 1 1 169 445 8 (D 1,1,1) (S 1,1,2) (S 2,2,3) (S 2,3,2) (S 3,2,4) (S 75,4,69) (S 194,69,69) (D 1,1,1)
0 1 2 189 567 7 (D 1,1,1) (S 1,1,2) (S 3,2,4) (S 75,4,69) (S 73,69,58) (S 65,58,60) (D 1,1,1)
0 1 3 188 454 9 (D 1,1,1) (S 190,2,2) (S 184,3,3) (S 4,4,5) (S 6,5,7) (S 6,7,5) (S 5,5,6) (S 4,5,4) (D 1,1,1)
0 1 4 187 671 12 (D 1,1,1) (S 5,5,6) (S 7,7,8) (S 8,8,9) (S 9,9,10) (S 187,10,10) (S 83,76,20) (S 83,20,76) (S 9,10,9) (S 8,9,8) (S 7,8,7) (D 1,1,1)
0 1 5 189 757 10 (D 1,1,1) (S 73,69,58) (S 62,58,57) (S 185,57,57) (S 61,57,42) (S 44,41,35) (S 43,35,39) (S 42,39,40) (S 61,42,57) (D 1,1,1)
0 1 6 190 859 11 (D 1,1,1) (S 74,69,59) (S 63,59,58) (S 69,63,64) (S 182,58,58) (S 63,58,59) (S 87,59,44) (S 46,44,45) (S 47,45,46) (S 49,46,47) (D 1,1,1)
0 1 7 188 804 7 (D 1,1,1) (S 64,59,11) (S 64,11,59) (S 87,59,44) (S 86,51,21) (S 86,21,51) (D 1,1,1)
0 1 8 185 789 8 (D 1,1,1) (S 65,58,60) (S 66,60,61) (S 66,61,60) (S 67,60,62) (S 68,62,63) (S 70,63,65) (D 1,1,1)
0 1 9 186 686 5 (D 1,1,1) (S 62,58,57) (S 192,42,42) (S 45,43,44) (D 1,1,1)
0 1 10 189 946 6 (D 1,1,1) (S 45,44,43) (S 44,41,35) (S 37,35,32) (S 53,51,49) (D 1,1,1)
0 1 11 190 808 19 (D 1,1,1) (S 48,44,46) (S 49,46,47) (S 50,47,48) (S 50,48,47) (S 51,47,49) (S 53,49,51) (S 55,51,53) (S 55,51,53) (S 58,53,24) (S 23,22,24) (S 58,24,53) (S 56,53,52) (S 56,52,53) (S 21,21,22) (S 23,22,24) (S 52,49,50) (S 52,50,49) (D 1,1,1)
0 1 12 189 850 11 (D 1,1,1) (S 48,44,46) (S 47,46,45) (S 183,45,45) (S 54,50,52) (S 59,50,19) (S 20,19,21) (S 21,21,22) (S 20,21,19) (S 46,45,44) (D 1,1,1)
0 1 13 188 1045 12 (D 1,1,1) (S 10,11,12) (S 11,12,16) (S 12,16,13) (S 13,13,14) (S 13,14,13) (S 14,13,77) (S 85,77,76) (S 85,76,77) (S 84,77,15) (S 79,72,73) (D 1,1,1)
0 1 14 186 817 11 (D 1,1,1) (S 10,11,12) (S 11,12,16) (S 12,16,13) (S 14,13,77) (S 84,77,15) (S 15,15,17) (S 188,17,17) (S 15,17,15) (S 177,18,18) (D 1,1,1)
0 1 15 187 926 10 (D 1,1,1) (S 67,60,62) (S 71,62,66) (S 72,66,68) (S 72,68,66) (S 71,66,62) (S 68,62,63) (S 60,56,55) (S 60,56,55) (D 1,1,1)
0 1 16 189 1062 10 (D 1,1,1) (S 59,50,19) (S 18,19,20) (S 18,20,19) (S 17,19,18) (S 79,72,73) (S 78,73,71) (S 77,71,72) (S 16,18,15) (D 1,1,1)
0 1 17 190 1074 10 (D 1,1,1) (S 19,20,18) (S 81,18,72) (S 77,72,71) (S 76,71,70) (S 78,71,73) (S 54,50,52) (S 57,52,54) (S 57,52,54) (D 1,1,1)
0 1 18 187 1077 7 (D 1,1,1) (S 19,20,18) (S 81,18,72) (S 80,73,74) (S 80,74,73) (S 22,22,75) (D 1,1,1)
0 1 19 187 1116 10 (D 1,1,1) (S 69,63,64) (S 176,64,64) (S 175,63,63) (S 70,63,65) (S 180,68,68) (S 186,55,55) (S 41,39,37) (S 40,37,38) (D 1,1,1)
0 1 20 189 866 11 (D 1,1,1) (S 22,22,75) (S 193,75,75) (S 25,75,25) (S 26,25,26) (S 27,26,23) (S 26,26,25) (S 24,25,24) (S 24,24,25) (S 191,25,25) (D 1,1,1)
0 1 21 190 1326 8 (D 1,1,1) (S 16,18,15) (S 76,71,70) (S 17,18,19) (S 25,75,25) (S 31,25,29) (S 27,26,23) (D 1,1,1)
0 1 22 190 957 11 (D 1,1,1) (S 51,47,49) (S 189,23,23) (S 33,23,31) (S 32,31,30) (S 32,30,31) (S 33,31,23) (S 82,23,75) (S 82,75,23) (S 28,26,27) (D 1,1,1)
0 1 23 190 1213 11 (D 1,1,1) (S 31,25,29) (S 29,28,26) (S 28,26,27) (S 29,26,28) (S 30,28,29) (S 30,29,28) (S 34,31,32) (S 179,36,36) (S 40,37,38) (D 1,1,1)
0 1 24 187 1023 10 (D 1,1,1) (S 42,40,39) (S 43,35,39) (S 41,39,37) (S 181,38,38) (S 178,37,37) (S 39,37,33) (S 38,33,36) (S 38,36,33) (D 1,1,1)
0 1 25 189 1069 6 (D 1,1,1) (S 37,35,32) (S 35,32,33) (S 35,33,32) (S 36,32,34) (D 1,1,1)
0 1 26 187 1069 6 (D 1,1,1) (S 74,69,59) (S 39,37,33) (S 36,32,34) (S 34,32,31) (D 1,1,1)
