358
10
66272143
32809380
0 1 1 0 0 1 (D 1,1,1) (D 1,1,1)
0 1 2 25 31 4 (D 1,1,1) (S 30,4,4) (S 3,12,19) (D 1,1,1)
0 1 3 26 44 8 (D 1,1,1) (S 38,19,19) (S 7,12,13) (S 34,13,13) (S 25,13,14) (S 27,14,20) (S 8,21,25) (D 1,1,1)
0 1 4 24 42 6 (D 1,1,1) (S 13,3,6) (S 24,6,7) (S 32,6,6) (S 31,5,5) (D 1,1,1)
0 1 5 19 39 5 (D 1,1,1) (S 20,10,11) (S 6,6,8) (S 33,8,8) (D 1,1,1)
0 1 6 27 49 6 (D 1,1,1) (S 26,1,27) (S 14,22,25) (S 40,23,23) (S 41,24,24) (D 1,1,1)
0 1 7 0 0 1 (D 1,1,1) (D 1,1,1)
0 1 8 27 46 4 (D 1,1,1) (S 28,2,2) (S 29,3,3) (D 1,1,1)
0 1 9 27 51 5 (D 1,1,1) (S 35,14,14) (S 12,18,21) (S 4,21,23) (D 1,1,1)
0 1 10 23 56 7 (D 1,1,1) (S 11,1,17) (S 36,16,16) (S 21,14,21) (S 39,21,21) (S 37,18,18) (D 1,1,1)
