47894
28
2533538973
2523101902
0 1 1 1309 1248 7 (D 1,1,1) (S 10,1,2) (S 152,2,2) (S 153,3,3) (S 12,4,16) (S 12,16,4) (D 1,1,1)
0 1 2 1541 1738 7 (D 1,1,1) (S 11,2,14) (S 20,14,24) (S 34,24,25) (S 35,25,26) (S 159,26,26) (D 1,1,1)
0 1 3 1298 1454 6 (D 1,1,1) (S 19,14,13) (S 157,23,23) (S 33,23,24) (S 158,24,24) (D 1,1,1)
0 1 4 1648 2034 9 (D 1,1,1) (S 13,5,6) (S 15,7,20) (S 156,20,20) (S 30,20,30) (S 161,29,29) (S 26,19,18) (S 26,18,19) (D 1,1,1)
0 1 5 923 1251 6 (D 1,1,1) (S 51,43,44) (S 168,46,46) (S 55,46,57) (S 174,57,57) (D 1,1,1)
0 1 6 1445 1875 8 (D 1,1,1) (S 169,47,47) (S 58,47,48) (S 170,48,48) (S 60,48,59) (S 80,59,69) (S 179,68,68) (D 1,1,1)
0 1 7 1128 1565 6 (D 1,1,1) (S 59,48,49) (S 63,49,59) (S 175,59,59) (S 79,59,68) (D 1,1,1)
0 1 8 0 0 1 (D 1,1,1) (D 1,1,1)
0 1 9 0 0 1 (D 1,1,1) (D 1,1,1)
0 1 10 0 0 1 (D 1,1,1) (D 1,1,1)
0 1 11 1615 2095 7 (D 1,1,1) (S 171,49,49) (S 47,39,29) (S 160,27,27) (S 36,27,38) (S 165,37,37) (D 1,1,1)
0 1 12 1701 2383 10 (D 1,1,1) (S 154,7,7) (S 82,60,72) (S 96,72,71) (S 77,57,56) (S 173,54,54) (S 178,65,65) (S 89,65,66) (S 90,66,67) (D 1,1,1)
0 1 13 1684 2027 7 (D 1,1,1) (S 14,7,8) (S 17,11,12) (S 155,12,12) (S 17,12,11) (S 162,31,31) (D 1,1,1)
0 1 14 1708 2378 8 (D 1,1,1) (S 38,28,29) (S 16,10,11) (S 163,33,33) (S 68,52,62) (S 177,62,62) (S 84,62,61) (D 1,1,1)
0 1 15 0 0 1 (D 1,1,1) (D 1,1,1)
0 1 16 1359 1827 8 (D 1,1,1) (S 131,104,105) (S 131,105,104) (S 132,104,117) (S 206,117,117) (S 207,118,118) (S 192,92,92) (D 1,1,1)
0 1 17 1659 2291 7 (D 1,1,1) (S 164,34,34) (S 44,34,42) (S 167,42,42) (S 172,53,53) (S 166,39,39) (D 1,1,1)
0 1 18 1660 2339 12 (D 1,1,1) (S 55,46,57) (S 3,57,67) (S 196,103,103) (S 191,90,90) (S 113,89,102) (S 127,102,101) (S 204,114,114) (S 189,88,88) (S 101,88,76) (S 101,76,88) (D 1,1,1)
0 1 19 439 869 4 (D 1,1,1) (S 80,59,69) (S 180,69,69) (D 1,1,1)
0 1 20 1731 2395 9 (D 1,1,1) (S 181,70,70) (S 186,82,82) (S 117,94,107) (S 199,107,107) (S 116,94,93) (S 193,93,93) (S 115,93,106) (D 1,1,1)
0 1 21 1723 2271 8 (D 1,1,1) (S 129,103,102) (S 195,102,102) (S 128,102,115) (S 205,115,115) (S 128,115,102) (S 190,89,89) (D 1,1,1)
0 1 22 1737 2581 10 (D 1,1,1) (S 176,61,61) (S 85,62,74) (S 203,113,113) (S 142,113,126) (S 188,86,86) (S 187,84,84) (S 184,73,73) (S 183,72,72) (D 1,1,1)
0 1 23 1171 1712 6 (D 1,1,1) (S 91,68,79) (S 115,93,106) (S 198,106,106) (S 197,105,105) (D 1,1,1)
0 1 24 1426 2161 8 (D 1,1,1) (S 105,81,94) (S 117,94,107) (S 200,109,109) (S 150,122,123) (S 210,121,121) (S 209,120,120) (D 1,1,1)
0 1 25 1463 2151 6 (D 1,1,1) (S 8,109,122) (S 211,122,122) (S 208,119,119) (S 146,119,106) (D 1,1,1)
0 1 26 1437 2145 8 (D 1,1,1) (S 2,22,32) (S 85,62,74) (S 109,85,98) (S 122,99,98) (S 120,97,110) (S 201,110,110) (D 1,1,1)
0 1 27 1755 2501 8 (D 1,1,1) (S 185,75,75) (S 4,75,87) (S 123,98,111) (S 122,99,98) (S 121,98,97) (S 182,71,71) (D 1,1,1)
0 1 28 1722 2603 8 (D 1,1,1) (S 70,53,63) (S 212,124,124) (S 202,111,111) (S 140,111,112) (S 141,112,99) (S 194,99,99) (D 1,1,1)
