11747
7
23598526
19194009
0 1 1 1117 1435 7 (D 1,1,1) (S 2,2,6) (S 2,6,2) (S 38,2,2) (S 11,7,12) (S 11,12,7) (D 1,1,1)
0 1 2 0 0 1 (D 1,1,1) (D 1,1,1)
0 1 3 1797 2135 8 (D 1,1,1) (S 43,11,11) (S 32,19,18) (S 32,18,19) (S 47,19,19) (S 27,19,15) (S 25,15,12) (D 1,1,1)
0 1 4 1312 2360 11 (D 1,1,1) (S 17,11,12) (S 22,13,16) (S 26,16,15) (S 26,16,15) (S 27,15,19) (S 35,19,20) (S 21,13,14) (S 8,10,5) (S 8,10,5) (D 1,1,1)
0 1 5 1523 1908 7 (D 1,1,1) (S 17,11,12) (S 44,15,15) (S 35,19,20) (S 45,16,16) (S 41,8,8) (D 1,1,1)
0 1 6 1832 1840 8 (D 1,1,1) (S 3,3,4) (S 6,4,5) (S 40,5,5) (S 6,5,4) (S 39,4,4) (S 3,4,3) (D 1,1,1)
0 1 7 1257 2069 6 (D 1,1,1) (S 42,10,10) (S 46,17,17) (S 48,21,21) (S 21,14,13) (D 1,1,1)
