774
10
478280045
440184320
0 1 1 31 45 10 (D 1,1,1) (S 29,1,9) (S 53,8,13) (S 35,13,22) (S 27,22,14) (S 91,14,14) (S 22,14,15) (S 42,15,23) (S 54,23,24) (D 1,1,1)
0 1 2 54 64 10 (D 1,1,1) (S 74,1,10) (S 77,10,11) (S 66,11,12) (S 1,12,19) (S 47,19,32) (S 64,32,31) (S 104,31,31) (S 5,17,24) (D 1,1,1)
0 1 3 50 61 9 (D 1,1,1) (S 63,1,16) (S 93,16,16) (S 92,15,15) (S 7,15,24) (S 98,23,23) (S 54,23,24) (S 99,24,24) (D 1,1,1)
0 1 4 61 77 14 (D 1,1,1) (S 29,1,9) (S 45,9,13) (S 90,13,13) (S 96,21,21) (S 52,20,25) (S 28,25,26) (S 28,26,25) (S 100,25,25) (S 10,26,34) (S 75,34,35) (S 79,36,38) (S 26,30,17) (D 1,1,1)
0 1 5 66 85 14 (D 1,1,1) (S 43,5,6) (S 88,6,6) (S 37,3,4) (S 37,4,3) (S 86,3,3) (S 85,2,2) (S 87,5,5) (S 41,10,17) (S 94,17,17) (S 26,17,30) (S 103,30,30) (S 30,29,23) (D 1,1,1)
0 1 6 52 90 11 (D 1,1,1) (S 57,28,27) (S 20,28,36) (S 25,35,43) (S 33,44,37) (S 107,37,37) (S 71,37,29) (S 18,29,30) (S 109,39,39) (S 31,47,40) (D 1,1,1)
0 1 7 65 92 16 (D 1,1,1) (S 43,5,6) (S 89,11,11) (S 66,11,12) (S 60,12,7) (S 60,7,12) (S 17,11,18) (S 95,18,18) (S 47,19,32) (S 23,32,40) (S 68,39,38) (S 108,38,38) (S 79,38,36) (S 13,36,44) (S 30,29,23) (D 1,1,1)
0 1 8 70 109 14 (D 1,1,1) (S 16,28,29) (S 102,29,29) (S 80,39,31) (S 64,31,32) (S 3,30,38) (S 2,38,46) (S 6,46,50) (S 115,50,50) (S 114,49,49) (S 32,49,48) (S 32,48,49) (S 112,45,45) (D 1,1,1)
0 1 9 61 93 12 (D 1,1,1) (S 57,28,27) (S 82,27,35) (S 25,35,43) (S 111,43,43) (S 73,43,48) (S 113,48,48) (S 110,42,42) (S 106,34,34) (S 21,26,27) (S 101,28,28) (D 1,1,1)
0 1 10 33 58 6 (D 1,1,1) (S 15,9,14) (S 97,22,22) (S 105,33,33) (S 52,25,20) (D 1,1,1)
