8294
8
41154249
36031377
0 1 1 692 968 7 (D 1,1,1) (S 29,21,22) (S 47,34,35) (S 49,35,36) (S 51,36,37) (S 43,31,28) (D 1,1,1)
0 1 2 828 1222 6 (D 1,1,1) (S 21,22,17) (S 23,18,19) (S 26,19,30) (S 41,29,23) (D 1,1,1)
0 1 3 1291 1621 8 (D 1,1,1) (S 28,21,17) (S 19,17,16) (S 17,16,8) (S 8,8,7) (S 6,7,6) (S 4,6,1) (D 1,1,1)
0 1 4 0 0 1 (D 1,1,1) (D 1,1,1)
0 1 5 1148 1487 7 (D 1,1,1) (S 21,22,17) (S 20,17,18) (S 12,18,10) (S 11,10,9) (S 18,16,15) (D 1,1,1)
0 1 6 776 1007 6 (D 1,1,1) (S 39,27,31) (S 39,31,27) (S 35,25,33) (S 53,24,24) (D 1,1,1)
0 1 7 1340 1989 7 (D 1,1,1) (S 12,18,10) (S 1,2,3) (S 2,4,5) (S 9,9,8) (S 16,14,24) (D 1,1,1)
0 1 8 0 0 1 (D 1,1,1) (D 1,1,1)
