644
8
61252445
25615951
0 1 1 26 32 6 (D 1,1,1) (S 23,1,3) (S 2,3,4) (S 32,4,4) (S 30,2,2) (D 1,1,1)
0 1 2 38 68 6 (D 1,1,1) (S 31,3,3) (S 6,9,10) (S 10,10,20) (S 40,20,20) (D 1,1,1)
0 1 3 38 101 9 (D 1,1,1) (S 36,9,9) (S 18,10,11) (S 25,17,13) (S 8,12,13) (S 25,13,17) (S 1,17,18) (S 17,18,14) (D 1,1,1)
0 1 4 39 79 7 (D 1,1,1) (S 33,5,5) (S 13,5,11) (S 18,11,10) (S 5,20,21) (S 12,21,15) (D 1,1,1)
0 1 5 40 88 9 (D 1,1,1) (S 13,5,11) (S 7,11,15) (S 22,15,16) (S 22,16,15) (S 15,24,23) (S 11,23,22) (S 42,22,22) (D 1,1,1)
0 1 6 30 66 3 (D 1,1,1) (S 39,19,19) (D 1,1,1)
0 1 7 36 104 6 (D 1,1,1) (S 43,23,23) (S 41,21,21) (S 12,21,15) (S 38,16,16) (D 1,1,1)
0 1 8 29 106 7 (D 1,1,1) (S 9,12,6) (S 34,6,6) (S 35,7,7) (S 37,14,14) (S 17,14,18) (D 1,1,1)
