7759
7
27718898
21104371
0 1 1 304 986 15 (D 0,1,1) (S 1,1,2) (S 2,2,3) (S 63,3,3) (S 3,2,4) (S 4,4,5) (S 60,5,5) (S 62,6,6) (S 5,9,10) (S 6,11,12) (S 55,12,12) (S 49,76,20) (S 8,16,13) (S 31,50,52) (D 0,1,1)
0 1 2 304 950 11 (D 0,1,1) (S 47,4,69) (S 52,69,69) (S 46,69,59) (S 37,59,11) (S 7,12,16) (S 68,16,16) (S 9,13,14) (S 10,15,17) (S 11,15,18) (D 0,1,1)
0 1 3 303 1223 13 (D 0,1,1) (S 45,69,58) (S 38,58,60) (S 40,60,62) (S 43,62,66) (S 44,66,68) (S 41,62,63) (S 42,63,65) (S 69,60,60) (S 39,60,61) (S 36,58,59) (S 50,51,21) (D 0,1,1)
0 1 4 302 1049 13 (D 0,1,1) (S 51,59,44) (S 23,44,43) (S 34,42,57) (S 35,57,58) (S 24,44,45) (S 25,46,44) (S 26,46,47) (S 27,47,48) (S 28,47,49) (S 30,49,51) (S 61,51,51) (D 0,1,1)
0 1 5 302 1250 13 (D 0,1,1) (S 29,49,50) (S 70,52,52) (S 32,52,54) (S 15,21,22) (S 16,22,75) (S 48,75,23) (S 17,23,31) (S 18,31,32) (S 20,32,34) (S 19,32,33) (S 54,36,36) (D 0,1,1)
0 1 6 303 1149 10 (D 0,1,1) (S 67,67,67) (S 33,56,55) (S 66,41,41) (S 22,41,35) (S 21,35,32) (S 59,26,26) (S 53,27,27) (S 57,24,24) (D 0,1,1)
0 1 7 216 1152 10 (D 0,1,1) (S 64,76,76) (S 13,20,19) (S 14,19,21) (S 71,21,21) (S 12,19,18) (S 56,18,18) (S 65,13,13) (S 58,73,73) (D 0,1,1)
