62281
78
132968972
118918074
0 1 1 120 774 11 (D 0,1,1) (S 151,1,116) (S 150,116,115) (S 150,115,116) (S 151,116,1) (S 152,116,117) (S 156,117,119) (S 157,119,120) (S 109,87,86) (S 125,97,98) (D 0,1,1)
0 1 2 119 332 9 (D 0,1,1) (S 152,116,117) (S 153,117,115) (S 149,115,114) (S 148,114,113) (S 148,113,114) (S 146,113,112) (S 403,112,112) (D 0,1,1)
0 1 3 119 365 6 (D 0,1,1) (S 149,115,114) (S 158,114,118) (S 160,118,121) (S 162,121,122) (D 0,1,1)
0 1 4 118 355 7 (D 0,1,1) (S 153,115,117) (S 154,117,2) (S 154,2,117) (S 155,117,118) (S 160,118,121) (D 0,1,1)
0 1 5 118 428 6 (D 0,1,1) (S 155,117,118) (S 159,118,91) (S 134,91,103) (S 113,91,90) (D 0,1,1)
0 1 6 120 762 9 (D 0,1,1) (S 156,117,119) (S 157,119,120) (S 161,120,121) (S 161,121,120) (S 166,120,123) (S 164,123,122) (S 125,97,98) (D 0,1,1)
0 1 7 120 527 8 (D 0,1,1) (S 158,114,118) (S 159,118,91) (S 113,91,90) (S 112,90,88) (S 109,86,87) (S 146,113,112) (D 0,1,1)
0 1 8 120 421 8 (D 0,1,1) (S 166,120,123) (S 165,123,124) (S 169,124,126) (S 169,126,124) (S 165,124,123) (S 162,122,121) (D 0,1,1)
0 1 9 117 473 7 (D 0,1,1) (S 147,113,103) (S 134,103,91) (S 406,90,90) (S 112,90,88) (S 116,89,92) (D 0,1,1)
0 1 10 119 542 7 (D 0,1,1) (S 147,113,103) (S 133,103,102) (S 135,102,104) (S 136,104,105) (S 130,101,94) (D 0,1,1)
0 1 11 118 421 8 (D 0,1,1) (S 144,112,110) (S 144,110,112) (S 145,112,107) (S 138,107,106) (S 140,106,108) (S 145,107,112) (D 0,1,1)
0 1 12 118 551 11 (D 0,1,1) (S 142,107,110) (S 143,110,111) (S 143,111,110) (S 142,110,107) (S 139,107,108) (S 140,108,106) (S 137,106,105) (S 136,105,104) (S 130,101,94) (D 0,1,1)
0 1 13 119 663 9 (D 0,1,1) (S 139,107,108) (S 138,107,106) (S 137,106,105) (S 382,105,105) (S 135,104,102) (S 76,63,62) (S 83,69,67) (D 0,1,1)
0 1 14 119 515 7 (D 0,1,1) (S 164,122,123) (S 167,123,125) (S 186,125,138) (S 185,138,131) (S 177,131,132) (D 0,1,1)
0 1 15 120 779 10 (D 0,1,1) (S 163,122,87) (S 395,87,87) (S 163,87,122) (S 385,122,122) (S 167,123,125) (S 184,138,136) (S 184,136,138) (S 53,47,42) (D 0,1,1)
0 1 16 119 687 8 (D 0,1,1) (S 110,86,88) (S 111,88,89) (S 111,89,88) (S 110,88,86) (S 108,86,85) (S 55,46,43) (D 0,1,1)
0 1 17 119 561 4 (D 0,1,1) (S 141,108,109) (S 387,109,109) (D 0,1,1)
0 1 18 119 635 8 (D 0,1,1) (S 399,86,86) (S 108,86,85) (S 107,85,84) (S 118,84,92) (S 117,92,82) (S 55,46,43) (D 0,1,1)
0 1 19 120 814 5 (D 0,1,1) (S 141,108,109) (S 408,104,104) (S 83,67,69) (D 0,1,1)
0 1 20 120 565 6 (D 0,1,1) (S 115,91,66) (S 81,66,67) (S 82,67,68) (S 82,68,67) (D 0,1,1)
0 1 21 117 687 6 (D 0,1,1) (S 115,91,66) (S 80,66,62) (S 76,62,63) (S 66,56,55) (D 0,1,1)
0 1 22 120 566 6 (D 0,1,1) (S 133,103,102) (S 132,102,101) (S 131,101,66) (S 81,66,67) (D 0,1,1)
0 1 23 120 728 10 (D 0,1,1) (S 114,90,68) (S 86,69,71) (S 85,71,70) (S 85,70,71) (S 86,71,69) (S 84,69,70) (S 190,70,58) (S 66,56,55) (D 0,1,1)
0 1 24 120 750 8 (D 0,1,1) (S 114,90,68) (S 397,69,69) (S 84,69,70) (S 190,70,58) (S 68,58,57) (S 52,45,34) (D 0,1,1)
0 1 25 119 599 5 (D 0,1,1) (S 168,124,4) (S 176,126,131) (S 176,131,126) (D 0,1,1)
0 1 26 117 645 5 (D 0,1,1) (S 168,124,4) (S 175,126,130) (S 170,126,127) (D 0,1,1)
0 1 27 117 533 11 (D 0,1,1) (S 404,85,85) (S 107,85,84) (S 105,84,82) (S 102,82,80) (S 101,80,81) (S 100,81,79) (S 100,79,81) (S 101,81,80) (S 99,80,79) (D 0,1,1)
0 1 28 119 565 9 (D 0,1,1) (S 186,125,138) (S 185,138,131) (S 177,131,132) (S 178,132,133) (S 180,133,135) (S 181,135,134) (S 178,133,132) (D 0,1,1)
0 1 29 117 589 8 (D 0,1,1) (S 175,126,130) (S 170,126,127) (S 174,127,129) (S 173,129,128) (S 171,128,127) (S 174,127,129) (D 0,1,1)
0 1 30 117 530 8 (D 0,1,1) (S 118,84,92) (S 117,92,82) (S 103,82,83) (S 104,83,81) (S 104,81,83) (S 106,83,84) (D 0,1,1)
0 1 31 119 649 12 (D 0,1,1) (S 105,84,82) (S 102,82,80) (S 99,80,79) (S 98,79,78) (S 97,78,77) (S 96,77,46) (S 54,46,47) (S 54,47,46) (S 96,46,77) (S 48,43,42) (D 0,1,1)
0 1 32 117 695 10 (D 0,1,1) (S 106,84,83) (S 103,83,82) (S 116,92,89) (S 98,79,78) (S 97,78,77) (S 95,77,76) (S 94,76,74) (S 89,74,72) (D 0,1,1)
0 1 33 119 958 7 (D 0,1,1) (S 171,127,128) (S 172,128,3) (S 172,3,128) (S 179,133,134) (S 48,43,42) (D 0,1,1)
0 1 34 120 762 8 (D 0,1,1) (S 132,102,101) (S 131,101,66) (S 80,66,62) (S 75,62,57) (S 68,57,58) (S 52,45,34) (D 0,1,1)
0 1 35 119 861 8 (D 0,1,1) (S 183,136,137) (S 183,137,136) (S 410,136,136) (S 182,136,134) (S 179,134,133) (S 53,47,42) (D 0,1,1)
0 1 36 118 877 9 (D 0,1,1) (S 182,136,134) (S 181,134,135) (S 180,135,133) (S 388,133,133) (S 392,135,135) (S 95,77,76) (S 90,74,73) (D 0,1,1)
0 1 37 120 859 5 (D 0,1,1) (S 173,129,128) (S 390,81,81) (S 38,35,36) (D 0,1,1)
0 1 38 119 812 8 (D 0,1,1) (S 129,94,100) (S 128,100,99) (S 126,99,96) (S 124,96,97) (S 127,97,99) (S 90,74,73) (D 0,1,1)
0 1 39 117 876 9 (D 0,1,1) (S 121,94,93) (S 119,93,64) (S 77,64,63) (S 120,63,93) (S 120,93,63) (S 77,63,64) (S 38,35,36) (D 0,1,1)
0 1 40 120 961 8 (D 0,1,1) (S 122,94,95) (S 123,95,96) (S 126,96,99) (S 127,99,97) (S 123,96,95) (S 59,48,50) (D 0,1,1)
0 1 41 116 635 6 (D 0,1,1) (S 122,94,95) (S 124,96,97) (S 128,99,100) (S 129,100,94) (D 0,1,1)
0 1 42 119 680 10 (D 0,1,1) (S 121,94,93) (S 119,93,64) (S 78,64,65) (S 78,65,64) (S 405,63,63) (S 75,62,57) (S 87,71,72) (S 87,72,71) (D 0,1,1)
0 1 43 120 859 6 (D 0,1,1) (S 92,71,75) (S 93,75,76) (S 94,76,74) (S 65,55,54) (D 0,1,1)
0 1 44 116 714 6 (D 0,1,1) (S 92,71,75) (S 93,75,76) (S 89,74,72) (S 88,72,73) (D 0,1,1)
0 1 45 118 701 7 (D 0,1,1) (S 88,72,73) (S 91,73,44) (S 50,44,43) (S 49,43,37) (S 47,37,42) (D 0,1,1)
0 1 46 116 774 8 (D 0,1,1) (S 69,58,59) (S 409,59,59) (S 73,59,61) (S 74,61,49) (S 58,49,48) (S 59,48,50) (D 0,1,1)
0 1 47 120 750 6 (D 0,1,1) (S 69,58,59) (S 73,59,61) (S 72,61,60) (S 51,45,44) (D 0,1,1)
0 1 48 116 698 6 (D 0,1,1) (S 386,46,46) (S 50,43,44) (S 51,44,45) (S 71,45,60) (D 0,1,1)
0 1 49 120 827 7 (D 0,1,1) (S 49,43,37) (S 39,37,35) (S 37,35,34) (S 71,45,60) (S 74,61,49) (D 0,1,1)
0 1 50 119 785 5 (D 0,1,1) (S 46,47,41) (S 45,41,38) (S 45,38,41) (D 0,1,1)
0 1 51 117 789 5 (D 0,1,1) (S 46,47,41) (S 44,41,40) (S 42,39,38) (D 0,1,1)
0 1 52 120 904 6 (D 0,1,1) (S 67,57,56) (S 67,56,57) (S 65,55,54) (S 62,53,52) (D 0,1,1)
0 1 53 116 961 7 (D 0,1,1) (S 91,73,44) (S 36,34,139) (S 56,139,33) (S 56,33,139) (S 29,29,28) (D 0,1,1)
0 1 54 117 924 7 (D 0,1,1) (S 47,42,37) (S 39,37,35) (S 37,35,34) (S 70,60,59) (S 42,38,39) (D 0,1,1)
0 1 55 120 879 8 (D 0,1,1) (S 79,65,56) (S 79,56,65) (S 187,55,140) (S 63,140,53) (S 62,53,52) (S 58,48,49) (D 0,1,1)
0 1 56 118 1069 8 (D 0,1,1) (S 40,37,36) (S 40,36,37) (S 398,35,35) (S 41,36,38) (S 41,38,36) (S 29,29,28) (D 0,1,1)
0 1 57 119 1086 9 (D 0,1,1) (S 70,59,60) (S 72,60,61) (S 64,49,140) (S 187,140,55) (S 188,54,140) (S 30,28,30) (S 30,30,28) (D 0,1,1)
0 1 58 118 960 7 (D 0,1,1) (S 402,36,36) (S 43,39,40) (S 44,40,41) (S 43,40,39) (S 36,34,139) (D 0,1,1)
0 1 59 120 1108 8 (D 0,1,1) (S 188,54,140) (S 63,140,53) (S 61,52,51) (S 60,51,50) (S 60,50,51) (S 28,28,27) (D 0,1,1)
0 1 60 115 985 7 (D 0,1,1) (S 64,140,49) (S 57,48,139) (S 35,33,11) (S 8,12,13) (S 13,13,17) (D 0,1,1)
0 1 61 118 975 6 (D 0,1,1) (S 57,48,139) (S 34,33,29) (S 393,28,28) (S 28,28,27) (D 0,1,1)
0 1 62 116 1099 7 (D 0,1,1) (S 61,52,51) (S 35,33,11) (S 189,11,27) (S 381,27,27) (S 24,25,24) (D 0,1,1)
0 1 63 118 1064 6 (D 0,1,1) (S 34,33,29) (S 33,30,32) (S 33,32,30) (S 24,25,24) (D 0,1,1)
0 1 64 117 1118 7 (D 0,1,1) (S 7,11,12) (S 18,12,20) (S 22,20,24) (S 27,25,27) (S 13,13,17) (D 0,1,1)
0 1 65 118 999 6 (D 0,1,1) (S 401,11,11) (S 189,11,27) (S 27,27,25) (S 396,30,30) (D 0,1,1)
0 1 66 119 1004 11 (D 0,1,1) (S 7,11,12) (S 8,12,13) (S 14,13,16) (S 407,16,16) (S 11,16,15) (S 12,15,17) (S 15,17,18) (S 16,18,19) (S 16,19,18) (D 0,1,1)
0 1 67 117 1047 7 (D 0,1,1) (S 6,11,8) (S 3,8,6) (S 3,6,8) (S 4,8,9) (S 5,9,10) (D 0,1,1)
0 1 68 118 1029 7 (D 0,1,1) (S 6,11,8) (S 4,8,9) (S 5,9,10) (S 10,10,15) (S 11,15,16) (D 0,1,1)
0 1 69 113 1084 8 (D 0,1,1) (S 18,12,20) (S 20,20,22) (S 389,22,22) (S 20,22,20) (S 14,13,16) (S 10,15,10) (D 0,1,1)
0 1 70 116 1050 8 (D 0,1,1) (S 9,13,14) (S 384,14,14) (S 9,14,13) (S 15,17,18) (S 17,19,10) (S 394,10,10) (D 0,1,1)
0 1 71 115 1111 5 (D 0,1,1) (S 31,30,31) (S 31,31,30) (S 22,24,20) (D 0,1,1)
0 1 72 111 1193 6 (D 0,1,1) (S 12,17,15) (S 17,10,19) (S 19,20,21) (S 391,21,21) (D 0,1,1)
0 1 73 117 1276 8 (D 0,1,1) (S 2,6,7) (S 2,7,6) (S 400,6,6) (S 1,6,5) (S 1,5,6) (S 32,31,26) (D 0,1,1)
0 1 74 100 1105 6 (D 0,1,1) (S 25,25,26) (S 32,26,31) (S 26,26,23) (S 26,23,26) (D 0,1,1)
0 1 75 100 1041 4 (D 0,1,1) (S 383,25,25) (S 25,25,26) (D 0,1,1)
0 1 76 113 1140 4 (D 0,1,1) (S 19,20,21) (S 21,21,23) (D 0,1,1)
0 1 77 112 1104 4 (D 0,1,1) (S 23,24,23) (S 23,23,24) (D 0,1,1)
0 1 78 55 1082 3 (D 0,1,1) (S 21,23,21) (D 0,1,1)
