13348
15
29487742
23009153
0 1 1 189 771 13 (D 0,1,1) (S 1,1,2) (S 2,2,3) (S 3,2,4) (S 4,4,5) (S 5,5,6) (S 6,5,7) (S 7,7,8) (S 8,8,9) (S 83,76,20) (S 54,50,52) (S 86,51,21) (D 0,1,1)
0 1 2 188 694 9 (D 0,1,1) (S 101,2,2) (S 75,4,69) (S 74,69,59) (S 63,59,58) (S 65,58,60) (S 67,60,62) (S 69,63,64) (D 0,1,1)
0 1 3 190 833 12 (D 0,1,1) (S 96,5,5) (S 9,9,10) (S 10,11,12) (S 11,12,16) (S 99,16,16) (S 12,16,13) (S 14,13,77) (S 84,77,15) (S 13,14,13) (S 52,50,49) (D 0,1,1)
0 1 4 189 689 7 (D 0,1,1) (S 73,69,58) (S 62,58,57) (S 61,57,42) (S 90,42,42) (S 104,43,43) (D 0,1,1)
0 1 5 189 819 9 (D 0,1,1) (S 87,59,44) (S 45,44,43) (S 105,41,41) (S 44,41,35) (S 43,35,39) (S 41,39,37) (S 40,37,38) (D 0,1,1)
0 1 6 189 828 7 (D 0,1,1) (S 64,59,11) (S 98,76,76) (S 85,76,77) (S 92,13,13) (S 15,15,17) (D 0,1,1)
0 1 7 187 767 16 (D 0,1,1) (S 46,44,45) (S 47,45,46) (S 48,46,44) (S 49,46,47) (S 50,47,48) (S 51,47,49) (S 53,49,51) (S 91,51,51) (S 55,51,53) (S 58,53,24) (S 107,24,24) (S 23,24,22) (S 56,53,52) (S 57,52,54) (D 0,1,1)
0 1 8 190 1121 10 (D 0,1,1) (S 66,60,61) (S 68,62,63) (S 70,63,65) (S 102,65,65) (S 71,62,66) (S 72,66,68) (S 60,56,55) (S 42,40,39) (D 0,1,1)
0 1 9 190 954 9 (D 0,1,1) (S 59,50,19) (S 18,19,20) (S 19,20,18) (S 81,18,72) (S 79,72,73) (S 106,73,73) (S 78,73,71) (D 0,1,1)
0 1 10 185 865 12 (D 0,1,1) (S 95,50,50) (S 21,21,22) (S 22,22,75) (S 94,75,75) (S 25,75,25) (S 26,25,26) (S 29,26,28) (S 30,28,29) (S 93,29,29) (S 27,26,23) (D 0,1,1)
0 1 11 183 1073 8 (D 0,1,1) (S 20,21,19) (S 17,19,18) (S 16,18,15) (S 97,15,15) (S 77,72,71) (S 80,73,74) (D 0,1,1)
0 1 12 172 983 10 (D 0,1,1) (S 24,24,25) (S 31,25,29) (S 28,26,27) (S 88,27,27) (S 82,23,75) (S 33,23,31) (S 32,31,30) (S 89,31,31) (D 0,1,1)
0 1 13 189 1048 6 (D 0,1,1) (S 37,35,32) (S 36,32,34) (S 100,34,34) (S 35,32,33) (D 0,1,1)
0 1 14 183 1029 6 (D 0,1,1) (S 103,37,37) (S 39,37,33) (S 38,33,36) (S 34,32,31) (D 0,1,1)
0 1 15 56 874 3 (D 0,1,1) (S 76,71,70) (D 0,1,1)
