37358
46
99049369
88218248
0 1 1 119 394 9 (D 0,1,1) (S 151,1,116) (S 152,116,117) (S 156,117,119) (S 157,119,120) (S 166,120,123) (S 162,122,121) (S 109,87,86) (D 0,1,1)
0 1 2 120 658 10 (D 0,1,1) (S 150,116,115) (S 203,115,115) (S 149,115,114) (S 148,114,113) (S 146,113,112) (S 145,112,107) (S 142,107,110) (S 125,97,98) (D 0,1,1)
0 1 3 120 539 7 (D 0,1,1) (S 153,115,117) (S 155,117,118) (S 159,118,91) (S 113,91,90) (S 82,68,67) (D 0,1,1)
0 1 4 120 382 7 (D 0,1,1) (S 154,117,2) (S 225,119,119) (S 161,120,121) (S 160,121,118) (S 158,118,114) (D 0,1,1)
0 1 5 119 542 7 (D 0,1,1) (S 147,113,103) (S 133,103,102) (S 135,102,104) (S 136,104,105) (S 130,101,94) (D 0,1,1)
0 1 6 120 637 9 (D 0,1,1) (S 144,112,110) (S 143,110,111) (S 139,107,108) (S 198,108,108) (S 140,108,106) (S 137,106,105) (S 76,63,62) (D 0,1,1)
0 1 7 119 472 9 (D 0,1,1) (S 197,118,118) (S 163,122,87) (S 108,86,85) (S 107,85,84) (S 194,84,84) (S 118,84,92) (S 116,92,89) (D 0,1,1)
0 1 8 120 581 8 (D 0,1,1) (S 138,107,106) (S 212,106,106) (S 132,102,101) (S 213,101,101) (S 208,94,94) (S 83,67,69) (D 0,1,1)
0 1 9 120 598 9 (D 0,1,1) (S 164,122,123) (S 167,123,125) (S 186,125,138) (S 184,138,136) (S 183,136,137) (S 181,134,135) (S 177,132,131) (D 0,1,1)
0 1 10 118 546 6 (D 0,1,1) (S 165,123,124) (S 168,124,4) (S 169,124,126) (S 224,124,124) (D 0,1,1)
0 1 11 120 537 7 (D 0,1,1) (S 223,123,123) (S 110,86,88) (S 111,88,89) (S 117,92,82) (S 102,82,80) (D 0,1,1)
0 1 12 119 561 4 (D 0,1,1) (S 141,108,109) (S 237,109,109) (D 0,1,1)
0 1 13 120 748 6 (D 0,1,1) (S 115,91,66) (S 207,66,66) (S 129,94,100) (S 66,56,55) (D 0,1,1)
0 1 14 117 703 9 (D 0,1,1) (S 134,91,103) (S 214,90,90) (S 112,90,88) (S 105,82,84) (S 106,84,83) (S 104,83,81) (S 55,46,43) (D 0,1,1)
0 1 15 120 701 6 (D 0,1,1) (S 114,90,68) (S 195,67,67) (S 216,69,69) (S 52,45,34) (D 0,1,1)
0 1 16 119 657 8 (D 0,1,1) (S 170,126,127) (S 171,127,128) (S 172,128,3) (S 173,128,129) (S 174,129,127) (S 178,132,133) (D 0,1,1)
0 1 17 120 829 7 (D 0,1,1) (S 236,126,126) (S 175,126,130) (S 176,126,131) (S 226,131,131) (S 48,43,42) (D 0,1,1)
0 1 18 119 627 7 (D 0,1,1) (S 185,138,131) (S 180,133,135) (S 200,135,135) (S 182,134,136) (S 179,134,133) (D 0,1,1)
0 1 19 119 529 9 (D 0,1,1) (S 103,82,83) (S 231,83,83) (S 204,81,81) (S 100,81,79) (S 234,79,79) (S 98,79,78) (S 99,79,80) (D 0,1,1)
0 1 20 116 846 11 (D 0,1,1) (S 219,136,136) (S 101,80,81) (S 97,78,77) (S 96,77,46) (S 54,46,47) (S 53,47,42) (S 47,42,37) (S 49,37,43) (S 38,35,36) (D 0,1,1)
0 1 21 119 632 8 (D 0,1,1) (S 131,101,66) (S 80,66,62) (S 75,62,57) (S 68,57,58) (S 190,58,70) (S 85,70,71) (D 0,1,1)
0 1 22 118 716 8 (D 0,1,1) (S 121,94,93) (S 119,93,64) (S 78,64,65) (S 79,65,56) (S 65,55,54) (S 188,54,140) (D 0,1,1)
0 1 23 117 719 7 (D 0,1,1) (S 122,94,95) (S 123,95,96) (S 126,96,99) (S 128,99,100) (S 124,96,97) (D 0,1,1)
0 1 24 120 858 10 (D 0,1,1) (S 81,66,67) (S 84,69,70) (S 86,69,71) (S 87,71,72) (S 89,72,74) (S 90,74,73) (S 91,73,44) (S 59,48,50) (D 0,1,1)
0 1 25 120 1010 8 (D 0,1,1) (S 120,93,63) (S 77,63,64) (S 202,63,63) (S 67,57,56) (S 187,55,140) (S 29,29,28) (D 0,1,1)
0 1 26 120 847 7 (D 0,1,1) (S 92,71,75) (S 93,75,76) (S 95,76,77) (S 196,76,76) (S 45,38,41) (D 0,1,1)
0 1 27 119 750 7 (D 0,1,1) (S 88,72,73) (S 94,74,76) (S 50,43,44) (S 206,44,44) (S 51,44,45) (D 0,1,1)
0 1 28 119 838 8 (D 0,1,1) (S 205,72,72) (S 69,58,59) (S 70,59,60) (S 71,60,45) (S 215,45,45) (S 58,49,48) (D 0,1,1)
0 1 29 117 1206 8 (D 0,1,1) (S 127,99,97) (S 191,54,54) (S 240,140,140) (S 63,140,53) (S 62,53,52) (S 28,28,27) (D 0,1,1)
0 1 30 117 763 4 (D 0,1,1) (S 46,47,41) (S 217,41,41) (D 0,1,1)
0 1 31 119 1108 10 (D 0,1,1) (S 40,37,36) (S 41,36,38) (S 42,38,39) (S 43,39,40) (S 44,40,41) (S 220,38,38) (S 39,35,37) (S 30,28,30) (D 0,1,1)
0 1 32 116 1051 8 (D 0,1,1) (S 233,59,59) (S 73,59,61) (S 72,61,60) (S 211,60,60) (S 74,61,49) (S 13,13,17) (D 0,1,1)
0 1 33 118 979 6 (D 0,1,1) (S 239,35,35) (S 37,35,34) (S 56,139,33) (S 8,12,13) (D 0,1,1)
0 1 34 120 1080 6 (D 0,1,1) (S 36,34,139) (S 57,139,48) (S 210,50,50) (S 15,17,18) (D 0,1,1)
0 1 35 117 821 7 (D 0,1,1) (S 64,140,49) (S 60,50,51) (S 229,51,51) (S 61,51,52) (S 193,53,53) (D 0,1,1)
0 1 36 117 1062 6 (D 0,1,1) (S 227,39,39) (S 235,139,139) (S 35,33,11) (S 189,11,27) (D 0,1,1)
0 1 37 116 1062 6 (D 0,1,1) (S 34,33,29) (S 33,30,32) (S 238,30,30) (S 24,25,24) (D 0,1,1)
0 1 38 120 1108 8 (D 0,1,1) (S 222,11,11) (S 6,11,8) (S 3,8,6) (S 2,6,7) (S 5,9,10) (S 16,19,18) (D 0,1,1)
0 1 39 115 1045 7 (D 0,1,1) (S 7,11,12) (S 209,12,12) (S 18,12,20) (S 20,20,22) (S 14,13,16) (D 0,1,1)
0 1 40 119 1101 9 (D 0,1,1) (S 9,13,14) (S 232,14,14) (S 192,13,13) (S 12,17,15) (S 11,15,16) (S 10,15,10) (S 228,6,6) (D 0,1,1)
0 1 41 107 1073 7 (D 0,1,1) (S 31,30,31) (S 32,31,26) (S 201,26,26) (S 26,26,23) (S 199,31,31) (D 0,1,1)
0 1 42 100 1100 5 (D 0,1,1) (S 27,27,25) (S 25,25,26) (S 22,24,20) (D 0,1,1)
0 1 43 99 1025 5 (D 0,1,1) (S 4,8,9) (S 230,9,9) (S 17,10,19) (D 0,1,1)
0 1 44 116 1262 5 (D 0,1,1) (S 1,6,5) (S 221,5,5) (S 19,20,21) (D 0,1,1)
0 1 45 111 1151 4 (D 0,1,1) (S 23,24,23) (S 21,23,21) (D 0,1,1)
0 1 46 22 904 3 (D 0,1,1) (S 218,22,22) (D 0,1,1)
