22919
28
31864770
25163885
0 1 1 129 696 8 (D 0,1,1) (S 1,1,2) (S 2,2,3) (S 3,2,4) (S 4,4,5) (S 5,5,6) (S 60,50,52) (D 0,1,1)
0 1 2 130 548 6 (D 0,1,1) (S 82,4,69) (S 80,69,58) (S 81,59,69) (S 51,44,45) (D 0,1,1)
0 1 3 130 664 10 (D 0,1,1) (S 6,5,7) (S 7,7,8) (S 8,8,9) (S 122,9,9) (S 9,9,10) (S 10,10,11) (S 118,12,12) (S 95,21,51) (D 0,1,1)
0 1 4 130 779 9 (D 0,1,1) (S 101,8,8) (S 11,11,12) (S 91,12,76) (S 92,76,20) (S 21,20,18) (S 93,15,77) (S 63,52,54) (D 0,1,1)
0 1 5 128 632 6 (D 0,1,1) (S 70,59,58) (S 69,58,57) (S 68,57,42) (S 49,42,43) (D 0,1,1)
0 1 6 127 689 6 (D 0,1,1) (S 71,59,11) (S 12,12,16) (S 13,16,13) (S 14,13,14) (D 0,1,1)
0 1 7 129 693 6 (D 0,1,1) (S 96,59,44) (S 50,44,43) (S 48,42,41) (S 44,40,39) (D 0,1,1)
0 1 8 128 568 6 (D 0,1,1) (S 115,59,59) (S 72,58,60) (S 97,60,67) (S 105,67,67) (D 0,1,1)
0 1 9 129 617 10 (D 0,1,1) (S 53,44,46) (S 128,46,46) (S 52,46,45) (S 109,45,45) (S 57,47,49) (S 58,49,50) (S 62,52,53) (S 61,53,51) (D 0,1,1)
0 1 10 130 652 7 (D 0,1,1) (S 123,44,44) (S 54,46,47) (S 55,47,48) (S 117,48,48) (S 25,22,24) (D 0,1,1)
0 1 11 129 954 7 (D 0,1,1) (S 56,11,48) (S 59,49,51) (S 125,51,51) (S 121,53,53) (S 86,72,73) (D 0,1,1)
0 1 12 130 785 7 (D 0,1,1) (S 73,60,61) (S 74,60,62) (S 104,62,62) (S 78,62,66) (S 66,56,55) (D 0,1,1)
0 1 13 128 685 6 (D 0,1,1) (S 98,62,67) (S 89,67,56) (S 67,56,42) (S 127,43,43) (D 0,1,1)
0 1 14 129 884 8 (D 0,1,1) (S 75,62,63) (S 77,63,65) (S 100,65,65) (S 76,63,64) (S 116,57,57) (S 47,41,40) (D 0,1,1)
0 1 15 127 955 8 (D 0,1,1) (S 94,76,77) (S 16,77,13) (S 111,13,13) (S 15,14,15) (S 17,15,17) (S 84,72,71) (D 0,1,1)
0 1 16 130 1006 7 (D 0,1,1) (S 108,76,76) (S 20,20,19) (S 65,19,50) (S 23,21,22) (S 85,73,71) (D 0,1,1)
0 1 17 129 698 6 (D 0,1,1) (S 124,50,50) (S 106,54,54) (S 64,53,24) (S 26,24,25) (D 0,1,1)
0 1 18 128 875 7 (D 0,1,1) (S 79,66,68) (S 114,68,68) (S 46,41,35) (S 45,35,39) (S 107,40,40) (D 0,1,1)
0 1 19 127 855 6 (D 0,1,1) (S 22,21,19) (S 19,19,18) (S 18,18,15) (S 102,22,22) (D 0,1,1)
0 1 20 124 827 8 (D 0,1,1) (S 24,22,75) (S 90,75,23) (S 35,23,31) (S 34,31,30) (S 29,23,26) (S 28,26,25) (D 0,1,1)
0 1 21 129 939 7 (D 0,1,1) (S 119,16,16) (S 110,77,77) (S 120,24,24) (S 27,25,75) (S 31,26,28) (D 0,1,1)
0 1 22 129 983 7 (D 0,1,1) (S 112,56,56) (S 99,41,41) (S 43,39,37) (S 42,37,38) (S 40,33,36) (D 0,1,1)
0 1 23 117 871 4 (D 0,1,1) (S 88,18,72) (S 87,73,74) (D 0,1,1)
0 1 24 122 1054 7 (D 0,1,1) (S 33,25,29) (S 32,29,28) (S 113,28,28) (S 30,26,27) (S 38,32,34) (D 0,1,1)
0 1 25 116 889 4 (D 0,1,1) (S 39,35,32) (S 37,32,33) (D 0,1,1)
0 1 26 106 965 4 (D 0,1,1) (S 41,37,33) (S 103,34,34) (D 0,1,1)
0 1 27 114 1298 4 (D 0,1,1) (S 36,31,32) (S 83,71,70) (D 0,1,1)
0 1 28 40 858 3 (D 0,1,1) (S 126,70,70) (D 0,1,1)
