16371
18
82738734
71757134
0 1 1 149 411 8 (D 0,1,1) (S 67,1,116) (S 68,116,117) (S 69,117,2) (S 70,117,119) (S 113,118,118) (S 71,118,114) (D 0,1,1)
0 1 2 149 421 9 (D 0,1,1) (S 105,114,114) (S 66,114,113) (S 87,113,113) (S 65,113,112) (S 64,112,107) (S 58,107,106) (S 57,106,105) (D 0,1,1)
0 1 3 150 855 13 (D 0,1,1) (S 63,112,110) (S 62,110,111) (S 61,110,107) (S 59,107,108) (S 56,105,104) (S 55,104,102) (S 83,103,103) (S 98,88,88) (S 51,86,87) (S 50,86,85) (S 26,46,43) (D 0,1,1)
0 1 4 150 1023 6 (D 0,1,1) (S 60,108,109) (S 35,66,62) (S 32,62,63) (S 54,97,98) (D 0,1,1)
0 1 5 150 910 9 (D 0,1,1) (S 104,124,124) (S 72,124,126) (S 73,126,130) (S 92,134,134) (S 78,125,125) (S 49,85,84) (S 40,72,71) (D 0,1,1)
0 1 6 149 730 12 (D 0,1,1) (S 48,84,82) (S 84,82,82) (S 47,82,80) (S 46,80,79) (S 45,79,78) (S 112,78,78) (S 44,78,77) (S 43,77,46) (S 25,45,34) (S 38,69,67) (D 0,1,1)
0 1 7 147 817 8 (D 0,1,1) (S 101,84,84) (S 100,92,92) (S 88,80,80) (S 110,76,76) (S 93,46,46) (S 20,38,39) (D 0,1,1)
0 1 8 149 874 10 (D 0,1,1) (S 36,66,67) (S 37,67,68) (S 39,69,71) (S 115,70,70) (S 41,72,73) (S 42,73,44) (S 24,44,45) (S 31,55,56) (D 0,1,1)
0 1 9 148 1023 7 (D 0,1,1) (S 102,135,135) (S 108,43,43) (S 23,43,44) (S 22,43,37) (S 79,38,38) (D 0,1,1)
0 1 10 147 862 10 (D 0,1,1) (S 33,63,64) (S 111,64,64) (S 34,64,65) (S 97,62,62) (S 74,55,140) (S 29,140,49) (S 81,49,49) (S 28,49,48) (D 0,1,1)
0 1 11 150 959 8 (D 0,1,1) (S 52,95,96) (S 53,96,97) (S 30,55,54) (S 95,54,54) (S 77,48,48) (S 86,61,61) (D 0,1,1)
0 1 12 150 752 7 (D 0,1,1) (S 91,42,42) (S 85,37,37) (S 18,37,36) (S 76,36,36) (S 19,36,38) (D 0,1,1)
0 1 13 150 983 8 (D 0,1,1) (S 17,34,139) (S 99,139,139) (S 27,139,33) (S 16,33,11) (S 90,11,11) (S 13,28,29) (D 0,1,1)
0 1 14 142 1187 8 (D 0,1,1) (S 21,39,40) (S 75,11,27) (S 12,27,28) (S 14,28,30) (S 94,30,30) (S 15,30,32) (D 0,1,1)
0 1 15 145 1064 9 (D 0,1,1) (S 5,11,12) (S 6,12,13) (S 89,13,13) (S 7,13,14) (S 106,16,16) (S 109,15,15) (S 103,10,10) (D 0,1,1)
0 1 16 142 1192 7 (D 0,1,1) (S 4,11,8) (S 2,8,6) (S 107,6,6) (S 1,6,5) (S 8,20,22) (D 0,1,1)
0 1 17 145 1217 8 (D 0,1,1) (S 114,29,29) (S 11,27,25) (S 10,25,24) (S 9,24,20) (S 82,20,20) (S 80,5,5) (D 0,1,1)
0 1 18 71 1091 4 (D 0,1,1) (S 3,8,9) (S 96,25,25) (D 0,1,1)
