16100
14
35474414
27335376
0 1 1 305 929 13 (D 0,1,1) (S 1,1,2) (S 2,2,3) (S 2,3,2) (S 3,2,4) (S 47,4,69) (S 45,69,58) (S 36,58,59) (S 36,59,58) (S 38,58,60) (S 40,60,62) (S 133,68,68) (D 0,1,1)
0 1 2 304 951 12 (D 0,1,1) (S 1,1,2) (S 3,2,4) (S 4,4,5) (S 4,5,4) (S 47,4,69) (S 46,69,59) (S 46,59,69) (S 45,69,58) (S 24,44,45) (S 31,50,52) (D 0,1,1)
0 1 3 305 985 15 (D 0,1,1) (S 112,6,6) (S 5,9,10) (S 107,10,10) (S 5,10,9) (S 6,11,12) (S 7,12,16) (S 141,16,16) (S 8,16,13) (S 9,13,14) (S 106,14,14) (S 9,14,13) (S 8,13,16) (S 31,50,52) (D 0,1,1)
0 1 4 305 881 12 (D 0,1,1) (S 138,69,69) (S 51,59,44) (S 25,44,46) (S 25,46,44) (S 51,44,59) (S 37,59,11) (S 6,11,12) (S 132,12,12) (S 49,76,20) (S 49,20,76) (D 0,1,1)
0 1 5 305 1017 13 (D 0,1,1) (S 37,59,11) (S 119,11,11) (S 7,12,16) (S 118,13,13) (S 10,15,17) (S 10,17,15) (S 134,15,15) (S 11,15,18) (S 142,19,19) (S 32,52,54) (S 50,51,21) (D 0,1,1)
0 1 6 305 1147 11 (D 0,1,1) (S 136,59,59) (S 35,58,57) (S 34,57,42) (S 34,42,57) (S 35,57,58) (S 126,58,58) (S 38,58,60) (S 43,62,66) (S 32,52,54) (D 0,1,1)
0 1 7 304 1033 16 (D 0,1,1) (S 24,44,45) (S 108,45,45) (S 26,46,47) (S 28,47,49) (S 139,49,49) (S 30,49,51) (S 50,51,21) (S 14,21,19) (S 12,19,18) (S 11,18,15) (S 12,18,19) (S 29,50,49) (S 29,49,50) (S 30,49,51) (D 0,1,1)
0 1 8 301 1159 12 (D 0,1,1) (S 23,44,43) (S 23,43,44) (S 26,46,47) (S 27,47,48) (S 27,48,47) (S 28,47,49) (S 111,50,50) (S 115,52,52) (S 103,54,54) (S 33,56,55) (D 0,1,1)
0 1 9 304 1012 12 (D 0,1,1) (S 40,60,62) (S 41,62,63) (S 42,63,65) (S 140,65,65) (S 42,65,63) (S 41,63,62) (S 43,62,66) (S 44,66,68) (S 44,68,66) (S 116,63,63) (D 0,1,1)
0 1 10 305 1393 14 (D 0,1,1) (S 39,60,61) (S 39,61,60) (S 113,61,61) (S 33,56,55) (S 110,55,55) (S 130,43,43) (S 128,57,57) (S 125,41,41) (S 22,41,35) (S 22,35,41) (S 122,39,39) (S 121,27,27) (D 0,1,1)
0 1 11 304 1190 14 (D 0,1,1) (S 109,48,48) (S 15,21,22) (S 123,22,22) (S 16,22,75) (S 48,75,23) (S 48,23,75) (S 16,75,22) (S 15,22,21) (S 14,21,19) (S 13,19,20) (S 13,20,19) (S 131,29,29) (D 0,1,1)
0 1 12 292 1127 9 (D 0,1,1) (S 129,24,24) (S 17,23,31) (S 18,31,32) (S 18,32,31) (S 17,31,23) (S 104,23,23) (S 127,28,28) (D 0,1,1)
0 1 13 303 1750 10 (D 0,1,1) (S 21,35,32) (S 19,32,33) (S 19,33,32) (S 20,32,34) (S 20,34,32) (S 117,34,34) (S 124,36,36) (S 135,74,74) (D 0,1,1)
0 1 14 195 1526 7 (D 0,1,1) (S 21,35,32) (S 120,38,38) (S 114,72,72) (S 137,73,73) (S 105,70,70) (D 0,1,1)
