588
6
3727121
736966
0 1 1 5 85 7 (D 0,1,1) (S 2,1,4) (S 7,4,2) (S 1,2,1) (S 3,1,7) (S 19,7,12) (D 0,1,1)
0 1 2 5 107 7 (D 0,1,1) (S 4,1,10) (S 4,10,1) (S 5,1,12) (S 22,12,11) (S 11,11,3) (D 0,1,1)
0 1 3 5 93 7 (D 0,1,1) (S 29,2,2) (S 6,2,3) (S 27,3,3) (S 9,3,4) (S 12,4,11) (D 0,1,1)
0 1 4 5 93 7 (D 0,1,1) (S 8,2,9) (S 21,9,10) (S 20,10,8) (S 20,8,10) (S 21,10,9) (D 0,1,1)
0 1 5 5 66 7 (D 0,1,1) (S 16,7,6) (S 28,6,6) (S 17,6,12) (S 15,12,5) (S 10,5,3) (D 0,1,1)
0 1 6 4 144 6 (D 0,1,1) (S 18,7,8) (S 14,11,5) (S 13,5,6) (S 26,11,11) (D 0,1,1)
