477
9
3663185
1027009
0 1 1 27 55 8 (D 0,1,1) (S 2,1,3) (S 23,3,11) (S 49,11,11) (S 17,11,2) (S 1,2,1) (S 10,1,11) (D 0,1,1)
0 1 2 27 49 6 (D 0,1,1) (S 9,1,10) (S 50,10,10) (S 43,10,9) (S 37,9,6) (D 0,1,1)
0 1 3 27 52 10 (D 0,1,1) (S 8,1,9) (S 46,9,9) (S 21,9,3) (S 22,3,10) (S 40,10,7) (S 20,7,3) (S 18,3,4) (S 4,1,5) (D 0,1,1)
0 1 4 27 47 6 (D 0,1,1) (S 7,1,8) (S 27,8,4) (S 30,4,11) (S 34,11,5) (D 0,1,1)
0 1 5 27 50 9 (D 0,1,1) (S 5,1,6) (S 48,6,6) (S 25,6,4) (S 3,4,1) (S 6,1,7) (S 14,7,2) (S 38,6,10) (D 0,1,1)
0 1 6 27 67 7 (D 0,1,1) (S 26,7,4) (S 29,4,10) (S 33,10,5) (S 31,5,7) (S 35,7,6) (D 0,1,1)
0 1 7 26 47 8 (D 0,1,1) (S 32,8,5) (S 24,5,4) (S 28,4,9) (S 16,9,2) (S 15,2,8) (S 47,8,8) (D 0,1,1)
0 1 8 26 67 8 (D 0,1,1) (S 36,8,6) (S 39,7,9) (S 42,9,8) (S 19,5,3) (S 11,3,2) (S 12,2,4) (D 0,1,1)
0 1 9 21 43 6 (D 0,1,1) (S 41,7,11) (S 44,11,9) (S 45,5,5) (S 13,5,2) (D 0,1,1)
