2027
7
15958174
10608899
0 1 1 200 289 24 (D 0,1,1) (S 2,1,6) (S 142,6,6) (S 2,6,1) (S 8,1,40) (S 23,40,8) (S 3,8,1) (S 7,1,35) (S 63,35,36) (S 54,36,29) (S 53,29,30) (S 55,30,31) (S 59,31,38) (S 66,38,39) (S 161,39,39) (S 60,39,32) (S 57,32,31) (S 58,31,37) (S 157,37,37) (S 56,37,30) (S 55,30,31) (S 57,31,32) (S 152,32,32) (D 0,1,1)
0 1 2 200 268 22 (D 0,1,1) (S 6,1,33) (S 155,33,33) (S 61,33,34) (S 148,34,34) (S 49,34,26) (S 47,26,27) (S 147,27,27) (S 50,27,28) (S 135,28,28) (S 52,28,35) (S 62,35,34) (S 51,34,27) (S 47,27,26) (S 48,26,33) (S 61,33,34) (S 49,34,26) (S 48,26,33) (S 6,33,1) (S 1,1,2) (S 1,2,1) (D 0,1,1)
0 1 3 199 292 30 (D 0,1,1) (S 5,1,11) (S 146,11,11) (S 27,11,12) (S 29,12,13) (S 29,13,12) (S 30,12,17) (S 31,17,13) (S 20,13,7) (S 13,7,3) (S 154,3,3) (S 9,3,2) (S 11,2,36) (S 64,36,37) (S 14,37,3) (S 14,3,37) (S 58,37,31) (S 59,31,38) (S 65,38,37) (S 65,37,38) (S 16,38,4) (S 162,4,4) (S 15,4,5) (S 134,5,5) (S 17,5,39) (S 66,39,38) (S 16,38,4) (S 12,4,3) (S 13,3,7) (D 0,1,1)
0 1 4 200 305 25 (D 0,1,1) (S 4,1,10) (S 4,10,1) (S 3,1,8) (S 153,8,8) (S 21,8,9) (S 25,9,15) (S 35,15,16) (S 26,16,10) (S 138,10,10) (S 26,10,16) (S 35,16,15) (S 25,15,9) (S 24,9,10) (S 24,10,9) (S 21,9,8) (S 22,8,14) (S 22,14,8) (S 23,8,40) (S 8,40,1) (S 7,1,35) (S 62,35,34) (S 156,35,35) (S 19,6,12) (D 0,1,1)
0 1 5 200 283 28 (D 0,1,1) (S 5,1,11) (S 28,11,16) (S 28,16,11) (S 27,11,12) (S 30,12,17) (S 31,17,13) (S 32,13,18) (S 141,18,18) (S 39,18,22) (S 44,22,25) (S 46,25,24) (S 45,24,23) (S 41,23,20) (S 40,20,21) (S 40,21,20) (S 160,20,20) (S 37,20,17) (S 37,17,20) (S 41,20,23) (S 45,23,24) (S 43,24,21) (S 136,21,21) (S 42,21,22) (S 133,22,22) (S 42,22,21) (S 44,22,25) (D 0,1,1)
0 1 6 199 315 26 (D 0,1,1) (S 10,2,6) (S 10,6,2) (S 150,2,2) (S 9,2,3) (S 12,3,4) (S 15,4,5) (S 17,5,39) (S 60,39,32) (S 140,30,30) (S 56,30,37) (S 64,37,36) (S 54,36,29) (S 159,29,29) (S 53,29,30) (S 63,36,35) (S 52,35,28) (S 50,28,27) (S 51,27,34) (S 11,2,36) (S 18,6,7) (S 18,7,6) (S 19,6,12) (S 158,12,12) (S 32,13,18) (D 0,1,1)
0 1 7 174 275 21 (D 0,1,1) (S 20,7,13) (S 33,13,19) (S 151,19,19) (S 38,19,18) (S 39,18,22) (S 43,21,24) (S 46,24,25) (S 144,25,25) (S 36,18,17) (S 36,17,18) (S 38,18,19) (S 33,19,13) (S 145,13,13) (S 137,7,7) (S 149,17,17) (S 143,15,15) (S 34,15,14) (S 34,14,15) (S 139,14,14) (D 0,1,1)
