3132
24
28886270
21081157
0 1 1 75 138 13 (D 0,1,1) (S 2,1,5) (S 11,5,18) (S 36,18,19) (S 207,19,19) (S 24,19,11) (S 10,11,5) (S 11,5,18) (S 37,18,26) (S 40,26,19) (S 36,19,18) (S 219,43,43) (D 0,1,1)
0 1 2 75 132 12 (D 0,1,1) (S 1,1,2) (S 1,2,1) (S 2,1,5) (S 10,5,11) (S 23,11,12) (S 13,12,6) (S 3,6,1) (S 3,1,6) (S 25,12,13) (S 215,16,16) (D 0,1,1)
0 1 3 75 121 10 (D 0,1,1) (S 208,6,6) (S 9,6,5) (S 9,5,6) (S 12,6,7) (S 5,7,2) (S 4,2,3) (S 4,3,2) (S 5,2,7) (D 0,1,1)
0 1 4 75 131 13 (D 0,1,1) (S 12,6,7) (S 15,7,8) (S 18,8,14) (S 29,14,15) (S 31,15,16) (S 34,16,24) (S 49,24,25) (S 35,25,17) (S 229,17,17) (S 33,17,16) (S 228,37,37) (D 0,1,1)
0 1 5 75 115 14 (D 0,1,1) (S 14,6,13) (S 25,13,12) (S 26,12,20) (S 218,20,20) (S 26,20,12) (S 23,12,11) (S 198,11,11) (S 24,11,19) (S 39,19,20) (S 41,20,21) (S 44,21,27) (S 63,30,34) (D 0,1,1)
0 1 6 75 127 14 (D 0,1,1) (S 13,6,12) (S 210,12,12) (S 14,13,6) (S 28,13,21) (S 28,21,13) (S 16,13,7) (S 16,7,13) (S 27,13,14) (S 212,14,14) (S 18,14,8) (S 17,8,9) (S 7,9,3) (D 0,1,1)
0 1 7 74 127 11 (D 0,1,1) (S 27,13,14) (S 30,14,22) (S 45,22,23) (S 220,23,23) (S 48,23,31) (S 48,31,23) (S 47,23,24) (S 34,24,16) (S 33,16,17) (D 0,1,1)
0 1 8 75 128 12 (D 0,1,1) (S 42,20,30) (S 53,30,26) (S 52,26,29) (S 52,29,26) (S 197,26,26) (S 54,26,34) (S 72,34,35) (S 74,35,36) (S 58,36,27) (S 63,30,34) (D 0,1,1)
0 1 9 74 132 11 (D 0,1,1) (S 42,20,30) (S 55,30,27) (S 44,27,21) (S 41,21,20) (S 39,20,19) (S 40,19,26) (S 37,26,18) (S 38,18,29) (S 61,29,33) (D 0,1,1)
0 1 10 74 142 11 (D 0,1,1) (S 29,14,15) (S 20,15,9) (S 19,9,10) (S 22,10,17) (S 22,17,10) (S 8,10,4) (S 6,4,3) (S 6,3,4) (S 8,4,10) (D 0,1,1)
0 1 11 75 136 12 (D 0,1,1) (S 214,5,5) (S 216,18,18) (S 38,18,29) (S 61,29,33) (S 70,33,40) (S 73,40,34) (S 68,34,33) (S 69,33,39) (S 205,39,39) (S 195,46,46) (D 0,1,1)
0 1 12 73 131 11 (D 0,1,1) (S 30,14,22) (S 46,22,31) (S 46,31,22) (S 43,22,21) (S 43,21,22) (S 45,22,23) (S 32,23,15) (S 20,15,9) (S 7,9,3) (D 0,1,1)
0 1 13 75 129 13 (D 0,1,1) (S 15,7,8) (S 17,8,9) (S 21,9,16) (S 31,16,15) (S 32,15,23) (S 47,23,24) (S 50,24,32) (S 64,32,31) (S 65,31,37) (S 66,37,32) (S 64,32,31) (D 0,1,1)
0 1 14 73 124 10 (D 0,1,1) (S 196,8,8) (S 201,9,9) (S 21,9,16) (S 49,24,25) (S 51,25,28) (S 223,28,28) (S 60,28,38) (S 67,38,32) (D 0,1,1)
0 1 15 74 127 13 (D 0,1,1) (S 53,26,30) (S 213,30,30) (S 55,30,27) (S 56,27,31) (S 222,31,31) (S 56,31,27) (S 57,27,35) (S 75,35,41) (S 85,41,48) (S 85,48,41) (S 82,41,40) (D 0,1,1)
0 1 16 74 144 12 (D 0,1,1) (S 54,26,34) (S 68,34,33) (S 69,33,39) (S 62,39,29) (S 62,29,39) (S 71,33,46) (S 71,46,33) (S 70,33,40) (S 83,40,47) (S 95,47,48) (D 0,1,1)
0 1 17 75 139 11 (D 0,1,1) (S 19,9,10) (S 202,10,10) (S 35,17,25) (S 51,25,28) (S 59,28,32) (S 59,32,28) (S 60,28,38) (S 227,38,38) (S 78,38,37) (D 0,1,1)
0 1 18 75 142 12 (D 0,1,1) (S 72,34,35) (S 226,35,35) (S 74,35,36) (S 76,36,37) (S 66,37,32) (S 67,32,38) (S 81,38,45) (S 81,45,38) (S 80,38,43) (S 88,42,44) (D 0,1,1)
0 1 19 73 140 15 (D 0,1,1) (S 73,34,40) (S 83,40,47) (S 95,47,48) (S 96,48,49) (S 91,49,44) (S 92,44,50) (S 93,50,45) (S 89,45,43) (S 79,43,37) (S 65,37,31) (S 76,37,36) (S 77,36,42) (S 88,42,44) (D 0,1,1)
0 1 20 74 150 12 (D 0,1,1) (S 221,22,22) (S 78,37,38) (S 80,38,43) (S 87,43,42) (S 87,42,43) (S 90,43,50) (S 97,50,49) (S 86,49,41) (S 84,41,42) (S 224,42,42) (D 0,1,1)
0 1 21 74 149 12 (D 0,1,1) (S 57,27,35) (S 75,35,41) (S 82,41,40) (S 94,47,46) (S 94,46,47) (S 96,48,49) (S 91,49,44) (S 203,44,44) (S 92,44,50) (S 90,50,43) (D 0,1,1)
0 1 22 71 133 11 (D 0,1,1) (S 58,27,36) (S 77,36,42) (S 84,42,41) (S 86,41,49) (S 97,49,50) (S 93,50,45) (S 89,45,43) (S 79,43,37) (S 217,36,36) (D 0,1,1)
0 1 23 70 130 8 (D 0,1,1) (S 200,27,27) (S 199,33,33) (S 211,48,48) (S 204,49,49) (S 50,32,24) (S 209,24,24) (D 0,1,1)
0 1 24 22 65 4 (D 0,1,1) (S 206,3,3) (S 225,32,32) (D 0,1,1)
