1573
12
22324024
14682895
0 1 1 75 148 12 (D 0,1,1) (S 2,1,5) (S 103,5,5) (S 9,5,6) (S 3,6,1) (S 1,1,2) (S 4,2,3) (S 6,3,4) (S 8,4,10) (S 104,10,10) (S 53,26,30) (D 0,1,1)
0 1 2 75 125 15 (D 0,1,1) (S 14,6,13) (S 25,13,12) (S 110,12,12) (S 26,12,20) (S 42,20,30) (S 63,30,34) (S 73,34,40) (S 83,40,47) (S 95,47,48) (S 85,48,41) (S 84,41,42) (S 88,42,44) (S 115,41,41) (D 0,1,1)
0 1 3 74 110 13 (D 0,1,1) (S 13,6,12) (S 23,12,11) (S 24,11,19) (S 36,19,18) (S 37,18,26) (S 40,26,19) (S 39,19,20) (S 41,20,21) (S 28,21,13) (S 27,13,14) (S 18,14,8) (D 0,1,1)
0 1 4 75 124 12 (D 0,1,1) (S 12,6,7) (S 5,7,2) (S 16,7,13) (S 30,14,22) (S 45,22,23) (S 48,23,31) (S 56,31,27) (S 55,27,30) (S 99,30,30) (S 52,26,29) (D 0,1,1)
0 1 5 75 135 13 (D 0,1,1) (S 10,5,11) (S 108,11,11) (S 38,18,29) (S 62,29,39) (S 98,39,39) (S 69,39,33) (S 71,33,46) (S 94,46,47) (S 82,40,41) (S 86,41,49) (S 75,41,35) (D 0,1,1)
0 1 6 74 114 12 (D 0,1,1) (S 29,14,15) (S 32,15,23) (S 47,23,24) (S 34,24,16) (S 101,16,16) (S 21,16,9) (S 17,9,8) (S 113,8,8) (S 15,8,7) (S 105,14,14) (D 0,1,1)
0 1 7 75 126 12 (D 0,1,1) (S 11,5,18) (S 116,26,26) (S 54,26,34) (S 72,34,35) (S 74,35,36) (S 76,36,37) (S 65,37,31) (S 46,31,22) (S 102,22,22) (S 43,22,21) (D 0,1,1)
0 1 8 74 146 11 (D 0,1,1) (S 44,21,27) (S 57,27,35) (S 68,34,33) (S 70,33,40) (S 61,33,29) (S 109,29,29) (S 58,27,36) (S 77,36,42) (S 106,44,44) (D 0,1,1)
0 1 9 73 147 12 (D 0,1,1) (S 31,15,16) (S 33,16,17) (S 22,17,10) (S 19,10,9) (S 7,9,3) (S 20,9,15) (S 107,31,31) (S 64,31,32) (S 66,32,37) (S 89,43,45) (D 0,1,1)
0 1 10 71 120 11 (D 0,1,1) (S 49,24,25) (S 114,25,25) (S 51,25,28) (S 59,28,32) (S 111,32,32) (S 67,32,38) (S 117,38,38) (S 60,38,28) (S 50,32,24) (D 0,1,1)
0 1 11 72 149 10 (D 0,1,1) (S 79,37,43) (S 112,43,43) (S 80,43,38) (S 78,38,37) (S 87,43,42) (S 91,44,49) (S 96,49,48) (S 97,49,50) (D 0,1,1)
0 1 12 43 129 8 (D 0,1,1) (S 35,25,17) (S 81,38,45) (S 93,45,50) (S 92,50,44) (S 100,36,36) (S 90,43,50) (D 0,1,1)
