22901
10
8514884
4528430
0 1 1 1832 2524 11 (D 0,1,1) (S 5,1,2) (S 43,2,2) (S 6,3,4) (S 45,4,4) (S 13,4,10) (S 14,10,16) (S 24,16,22) (S 30,22,23) (S 2,19,27) (D 0,1,1)
0 1 2 1888 2418 10 (D 0,1,1) (S 8,1,7) (S 48,7,7) (S 9,7,13) (S 19,13,14) (S 21,14,20) (S 29,20,21) (S 57,21,21) (S 63,28,28) (D 0,1,1)
0 1 3 1861 2474 10 (D 0,1,1) (S 44,3,3) (S 12,9,14) (S 20,14,15) (S 53,15,15) (S 23,16,17) (S 1,17,18) (S 54,17,17) (S 35,24,23) (D 0,1,1)
0 1 4 1975 2629 13 (D 0,1,1) (S 11,8,9) (S 49,8,8) (S 10,8,7) (S 51,13,13) (S 52,14,14) (S 14,16,10) (S 16,10,11) (S 17,11,12) (S 50,12,12) (S 37,22,26) (S 33,26,23) (D 0,1,1)
0 1 5 1842 2436 8 (D 0,1,1) (S 15,5,11) (S 17,11,12) (S 25,12,18) (S 26,18,25) (S 61,25,25) (S 34,24,17) (D 0,1,1)
0 1 6 1791 2401 7 (D 0,1,1) (S 46,5,5) (S 47,6,6) (S 7,6,12) (S 55,18,18) (S 36,25,24) (D 0,1,1)
0 1 7 1859 2446 9 (D 0,1,1) (S 27,20,19) (S 56,19,19) (S 62,27,27) (S 3,27,28) (S 4,28,29) (S 39,29,30) (S 38,31,26) (D 0,1,1)
0 1 8 1719 2545 8 (D 0,1,1) (S 28,20,28) (S 31,29,22) (S 30,22,23) (S 59,23,23) (S 58,22,22) (S 42,31,32) (D 0,1,1)
0 1 9 1496 2110 6 (D 0,1,1) (S 40,26,30) (S 64,30,30) (S 41,30,31) (S 65,31,31) (D 0,1,1)
0 1 10 404 918 3 (D 0,1,1) (S 60,24,24) (D 0,1,1)
