13632
6
6261621
2615974
0 1 1 2145 2470 12 (D 0,1,1) (S 18,1,10) (S 19,10,16) (S 21,16,11) (S 21,11,16) (S 40,16,16) (S 6,16,21) (S 9,21,22) (S 23,22,12) (S 1,7,2) (S 24,14,18) (D 0,1,1)
0 1 2 1955 2240 10 (D 0,1,1) (S 11,2,6) (S 3,6,12) (S 22,12,13) (S 28,13,17) (S 34,17,23) (S 33,22,16) (S 19,16,10) (S 39,10,10) (D 0,1,1)
0 1 3 1944 2280 8 (D 0,1,1) (S 16,6,7) (S 38,7,7) (S 2,3,9) (S 4,9,15) (S 5,15,14) (S 17,14,9) (D 0,1,1)
0 1 4 1663 2306 10 (D 0,1,1) (S 12,3,4) (S 36,4,4) (S 12,4,3) (S 14,4,5) (S 37,5,5) (S 25,5,15) (S 30,15,19) (S 24,18,14) (D 0,1,1)
0 1 5 1949 2444 8 (D 0,1,1) (S 20,11,10) (S 32,10,20) (S 8,20,21) (S 10,22,23) (S 31,18,19) (S 15,9,4) (D 0,1,1)
0 1 6 1550 1892 6 (D 0,1,1) (S 7,17,18) (S 41,18,18) (S 42,19,19) (S 35,25,24) (D 0,1,1)
