56598
26
37187703
29515457
0 1 1 1723 2116 9 (D 0,1,1) (S 19,1,12) (S 20,12,23) (S 133,23,23) (S 1,23,34) (S 36,23,24) (S 25,15,16) (S 79,37,48) (D 0,1,1)
0 1 2 1721 1974 10 (D 0,1,1) (S 7,1,2) (S 115,2,2) (S 9,2,13) (S 123,13,13) (S 37,13,24) (S 38,24,25) (S 57,36,35) (S 144,36,36) (D 0,1,1)
0 1 3 1715 2213 10 (D 0,1,1) (S 8,2,3) (S 116,3,3) (S 10,3,14) (S 23,14,15) (S 125,15,15) (S 40,26,27) (S 61,38,37) (S 111,71,72) (D 0,1,1)
0 1 4 1711 1905 8 (D 0,1,1) (S 122,12,12) (S 142,34,34) (S 56,34,35) (S 143,35,35) (S 55,35,24) (S 134,24,24) (D 0,1,1)
0 1 5 1579 2134 10 (D 0,1,1) (S 22,4,15) (S 41,26,37) (S 61,37,38) (S 146,38,38) (S 81,38,49) (S 83,49,60) (S 160,59,59) (S 95,58,57) (D 0,1,1)
0 1 6 1454 2168 10 (D 0,1,1) (S 117,4,4) (S 118,5,5) (S 24,5,16) (S 42,16,27) (S 43,27,38) (S 43,38,27) (S 126,16,16) (S 16,9,20) (D 0,1,1)
0 1 7 1723 2195 10 (D 0,1,1) (S 21,14,25) (S 39,25,36) (S 60,36,47) (S 78,47,58) (S 159,57,57) (S 93,57,46) (S 151,46,46) (S 109,69,68) (D 0,1,1)
0 1 8 1513 2151 9 (D 0,1,1) (S 124,14,14) (S 135,25,25) (S 57,36,35) (S 58,35,46) (S 74,46,45) (S 110,69,70) (S 170,70,70) (D 0,1,1)
0 1 9 1672 2159 9 (D 0,1,1) (S 11,6,17) (S 44,17,28) (S 137,28,28) (S 64,28,39) (S 46,39,29) (S 46,29,39) (S 47,30,31) (D 0,1,1)
0 1 10 1722 2166 10 (D 0,1,1) (S 119,6,6) (S 11,6,17) (S 127,17,17) (S 27,17,18) (S 128,18,18) (S 30,18,19) (S 32,19,31) (S 50,32,33) (D 0,1,1)
0 1 11 1714 2236 8 (D 0,1,1) (S 3,45,56) (S 4,56,67) (S 167,67,67) (S 5,67,68) (S 94,68,57) (S 99,61,72) (D 0,1,1)
0 1 12 1723 2258 9 (D 0,1,1) (S 150,45,45) (S 158,56,56) (S 168,68,68) (S 169,69,69) (S 96,59,60) (S 97,60,61) (S 103,62,73) (D 0,1,1)
0 1 13 1698 2313 11 (D 0,1,1) (S 12,7,8) (S 14,8,19) (S 28,19,7) (S 120,7,7) (S 13,7,18) (S 45,29,30) (S 69,30,41) (S 147,40,40) (S 50,32,33) (D 0,1,1)
0 1 14 1690 2203 10 (D 0,1,1) (S 136,27,27) (S 31,29,19) (S 15,19,9) (S 17,9,10) (S 121,10,10) (S 18,10,11) (S 35,22,21) (S 33,21,20) (D 0,1,1)
0 1 15 1707 2122 8 (D 0,1,1) (S 77,47,48) (S 82,48,49) (S 66,49,39) (S 67,39,50) (S 98,50,61) (S 162,61,61) (D 0,1,1)
0 1 16 1765 2349 9 (D 0,1,1) (S 75,47,46) (S 75,46,47) (S 80,48,59) (S 161,60,60) (S 100,61,73) (S 6,73,74) (S 89,53,54) (D 0,1,1)
0 1 17 1701 2387 10 (D 0,1,1) (S 145,37,37) (S 152,48,48) (S 172,72,72) (S 112,72,73) (S 113,74,63) (S 155,53,53) (S 164,64,64) (S 105,54,65) (D 0,1,1)
0 1 18 1713 2185 8 (D 0,1,1) (S 15,9,19) (S 129,19,19) (S 48,31,20) (S 130,20,20) (S 2,31,42) (S 138,30,30) (D 0,1,1)
0 1 19 1944 2374 10 (D 0,1,1) (S 139,31,31) (S 49,31,32) (S 51,32,43) (S 73,43,42) (S 71,42,41) (S 148,41,41) (S 86,51,62) (S 90,54,55) (D 0,1,1)
0 1 20 1705 2419 8 (D 0,1,1) (S 149,42,42) (S 87,41,52) (S 88,52,51) (S 85,51,50) (S 84,50,49) (S 91,55,44) (D 0,1,1)
0 1 21 1711 2301 9 (D 0,1,1) (S 34,32,21) (S 131,21,21) (S 140,32,32) (S 51,32,43) (S 156,54,54) (S 157,55,55) (S 108,66,65) (D 0,1,1)
0 1 22 1722 2353 8 (D 0,1,1) (S 171,71,71) (S 102,62,63) (S 163,63,63) (S 104,63,64) (S 106,64,65) (S 107,65,76) (D 0,1,1)
0 1 23 1724 2412 8 (D 0,1,1) (S 153,50,50) (S 154,51,51) (S 86,51,62) (S 68,51,40) (S 70,40,41) (S 166,66,66) (D 0,1,1)
0 1 24 1689 2335 9 (D 0,1,1) (S 132,22,22) (S 52,22,33) (S 141,33,33) (S 54,33,44) (S 92,55,66) (S 114,66,77) (S 165,65,65) (D 0,1,1)
0 1 25 1470 2123 6 (D 0,1,1) (S 173,73,73) (S 174,74,74) (S 175,75,75) (S 176,76,76) (D 0,1,1)
0 1 26 431 1047 3 (D 0,1,1) (S 177,77,77) (D 0,1,1)
