50577
21
33893665
26743267
0 1 1 1972 2238 10 (D 0,1,1) (S 9,1,2) (S 115,2,2) (S 10,2,3) (S 1,3,4) (S 117,4,4) (S 12,4,5) (S 118,5,5) (S 14,6,7) (D 0,1,1)
0 1 2 2128 2252 12 (D 0,1,1) (S 2,11,12) (S 123,12,12) (S 22,12,13) (S 23,13,14) (S 23,14,13) (S 35,13,22) (S 34,22,21) (S 47,21,30) (S 3,30,29) (S 45,29,20) (D 0,1,1)
0 1 3 1979 2398 11 (D 0,1,1) (S 21,11,20) (S 32,20,19) (S 19,19,10) (S 122,10,10) (S 19,10,19) (S 44,19,28) (S 5,37,38) (S 46,38,29) (S 60,40,41) (D 0,1,1)
0 1 4 1826 2322 9 (D 0,1,1) (S 20,11,10) (S 32,19,20) (S 127,21,21) (S 11,12,3) (S 116,3,3) (S 13,5,6) (S 15,6,15) (D 0,1,1)
0 1 5 1973 2311 10 (D 0,1,1) (S 119,6,6) (S 15,6,15) (S 125,15,15) (S 27,15,16) (S 17,16,7) (S 120,7,7) (S 16,7,8) (S 28,8,17) (D 0,1,1)
0 1 6 1959 2373 12 (D 0,1,1) (S 36,22,23) (S 48,23,32) (S 51,32,33) (S 49,33,23) (S 37,23,24) (S 128,24,24) (S 38,24,25) (S 129,25,25) (S 39,25,26) (S 130,26,26) (D 0,1,1)
0 1 7 2075 2663 13 (D 0,1,1) (S 26,15,14) (S 124,13,13) (S 121,8,8) (S 18,8,9) (S 30,18,17) (S 29,17,16) (S 40,25,34) (S 135,34,34) (S 54,34,35) (S 55,35,36) (S 71,45,60) (D 0,1,1)
0 1 8 2240 2439 11 (D 0,1,1) (S 50,24,33) (S 53,33,34) (S 66,34,43) (S 52,43,33) (S 134,33,33) (S 52,33,43) (S 63,43,42) (S 4,42,33) (S 61,32,41) (D 0,1,1)
0 1 9 1844 2523 11 (D 0,1,1) (S 132,31,31) (S 59,31,40) (S 58,40,39) (S 57,39,31) (S 138,39,39) (S 74,48,55) (S 82,55,54) (S 97,54,62) (S 161,68,68) (D 0,1,1)
0 1 10 1975 2582 14 (D 0,1,1) (S 43,18,27) (S 131,27,27) (S 137,36,36) (S 56,36,45) (S 71,45,60) (S 94,60,59) (S 92,59,52) (S 80,52,51) (S 78,51,50) (S 77,50,41) (S 62,41,42) (S 64,42,51) (D 0,1,1)
0 1 11 1976 2618 12 (D 0,1,1) (S 42,26,35) (S 136,35,35) (S 69,35,44) (S 70,44,45) (S 141,45,45) (S 154,60,60) (S 153,59,59) (S 88,58,57) (S 102,57,65) (S 104,65,72) (D 0,1,1)
0 1 12 1726 2641 10 (D 0,1,1) (S 41,26,17) (S 126,17,17) (S 133,32,32) (S 75,48,49) (S 76,49,56) (S 150,56,56) (S 86,56,57) (S 76,49,56) (D 0,1,1)
0 1 13 1964 2509 10 (D 0,1,1) (S 6,48,47) (S 81,47,54) (S 148,54,54) (S 82,54,55) (S 84,55,63) (S 99,63,70) (S 109,70,71) (S 103,64,65) (D 0,1,1)
0 1 14 1950 2483 10 (D 0,1,1) (S 144,48,48) (S 149,55,55) (S 100,56,64) (S 110,64,71) (S 164,71,71) (S 165,72,72) (S 111,72,73) (S 112,73,66) (D 0,1,1)
0 1 15 1987 2482 8 (D 0,1,1) (S 145,49,49) (S 7,49,50) (S 146,50,50) (S 87,50,57) (S 151,57,57) (S 159,65,65) (D 0,1,1)
0 1 16 1978 2643 9 (D 0,1,1) (S 143,47,47) (S 72,46,37) (S 157,63,63) (S 108,70,69) (S 162,69,69) (S 106,69,68) (S 101,70,64) (D 0,1,1)
0 1 17 1947 2705 10 (D 0,1,1) (S 63,42,43) (S 68,43,44) (S 140,44,44) (S 139,43,43) (S 79,43,52) (S 89,51,58) (S 90,58,59) (S 163,70,70) (D 0,1,1)
0 1 18 1938 2458 8 (D 0,1,1) (S 142,46,46) (S 73,46,53) (S 95,53,61) (S 155,61,61) (S 96,61,68) (S 98,69,62) (D 0,1,1)
0 1 19 2029 2594 8 (D 0,1,1) (S 147,51,51) (S 91,58,66) (S 105,66,65) (S 158,64,64) (S 98,62,69) (S 156,62,62) (D 0,1,1)
0 1 20 1824 2414 9 (D 0,1,1) (S 152,58,58) (S 8,66,67) (S 114,67,74) (S 167,74,74) (S 113,74,73) (S 166,73,73) (S 160,67,67) (D 0,1,1)
0 1 21 289 929 3 (D 0,1,1) (S 168,75,75) (D 0,1,1)
