26267
11
13896571
8407214
0 1 1 1927 2459 11 (D 0,1,1) (S 3,1,11) (S 44,11,11) (S 10,11,12) (S 45,12,12) (S 1,12,2) (S 36,2,2) (S 4,2,1) (S 15,20,28) (S 24,30,31) (D 0,1,1)
0 1 2 1934 2422 10 (D 0,1,1) (S 11,11,20) (S 52,20,20) (S 60,28,28) (S 30,28,37) (S 22,28,29) (S 23,29,30) (S 2,31,22) (S 16,22,23) (D 0,1,1)
0 1 3 2175 2711 11 (D 0,1,1) (S 53,21,21) (S 61,29,29) (S 68,38,38) (S 69,39,39) (S 24,30,31) (S 63,31,31) (S 55,23,23) (S 17,24,33) (S 29,36,43) (D 0,1,1)
0 1 4 1917 2408 9 (D 0,1,1) (S 46,13,13) (S 12,14,15) (S 47,15,15) (S 13,15,16) (S 48,16,16) (S 8,16,6) (S 56,24,24) (D 0,1,1)
0 1 5 1929 2445 9 (D 0,1,1) (S 5,4,5) (S 6,5,6) (S 39,6,6) (S 6,6,5) (S 38,5,5) (S 37,4,4) (S 17,24,33) (D 0,1,1)
0 1 6 1928 2414 7 (D 0,1,1) (S 62,30,30) (S 54,22,22) (S 64,32,32) (S 27,32,33) (S 65,33,33) (D 0,1,1)
0 1 7 1849 2446 9 (D 0,1,1) (S 40,7,7) (S 42,9,9) (S 49,17,17) (S 20,18,26) (S 18,26,25) (S 21,27,19) (S 51,19,19) (D 0,1,1)
0 1 8 1862 2453 9 (D 0,1,1) (S 70,40,40) (S 32,40,41) (S 71,41,41) (S 31,41,33) (S 28,33,34) (S 19,34,25) (S 57,25,25) (D 0,1,1)
0 1 9 1903 2465 8 (D 0,1,1) (S 41,8,8) (S 9,8,10) (S 43,10,10) (S 14,19,18) (S 50,18,18) (S 58,26,26) (D 0,1,1)
0 1 10 1751 2446 7 (D 0,1,1) (S 66,35,35) (S 67,36,36) (S 29,36,43) (S 73,43,43) (S 33,43,42) (D 0,1,1)
0 1 11 940 1598 5 (D 0,1,1) (S 59,27,27) (S 33,43,42) (S 72,42,42) (D 0,1,1)
