39459
17
53176881
46009870
0 1 1 1814 2061 11 (D 0,1,1) (S 108,59,59) (S 38,59,60) (S 39,60,61) (S 42,61,74) (S 53,74,73) (S 112,73,73) (S 36,59,58) (S 66,71,84) (S 67,85,86) (D 0,1,1)
0 1 2 1818 2190 12 (D 0,1,1) (S 37,71,58) (S 26,58,45) (S 25,45,44) (S 34,44,57) (S 35,57,70) (S 52,70,83) (S 63,83,82) (S 51,69,68) (S 49,68,67) (S 32,67,54) (D 0,1,1)
0 1 3 1824 2353 11 (D 0,1,1) (S 28,60,47) (S 27,47,46) (S 99,33,33) (S 17,33,20) (S 6,20,21) (S 3,7,6) (S 90,6,6) (S 7,9,22) (S 10,38,25) (D 0,1,1)
0 1 4 1801 2484 12 (D 0,1,1) (S 40,61,48) (S 100,35,35) (S 18,36,37) (S 19,37,38) (S 101,39,39) (S 30,52,51) (S 44,63,64) (S 47,65,78) (S 70,75,88) (S 84,112,111) (D 0,1,1)
0 1 5 1823 2535 10 (D 0,1,1) (S 41,61,62) (S 29,62,49) (S 109,62,62) (S 43,62,75) (S 55,75,76) (S 57,76,77) (S 72,77,90) (S 14,29,28) (D 0,1,1)
0 1 6 1807 2274 10 (D 0,1,1) (S 50,69,56) (S 106,56,56) (S 107,57,57) (S 24,44,43) (S 23,43,42) (S 21,42,41) (S 31,41,54) (S 13,40,27) (D 0,1,1)
0 1 7 1788 2092 8 (D 0,1,1) (S 111,69,69) (S 33,68,55) (S 104,42,42) (S 20,42,29) (S 97,29,29) (S 22,30,43) (D 0,1,1)
0 1 8 1827 2244 12 (D 0,1,1) (S 65,83,96) (S 77,96,97) (S 79,97,98) (S 68,98,85) (S 69,87,88) (S 117,88,88) (S 71,88,89) (S 56,89,76) (S 54,76,63) (S 45,64,51) (D 0,1,1)
0 1 9 1803 2372 11 (D 0,1,1) (S 64,83,84) (S 76,84,97) (S 78,97,110) (S 83,110,111) (S 85,113,114) (S 126,114,114) (S 80,102,101) (S 113,74,74) (S 121,104,104) (D 0,1,1)
0 1 10 1815 2294 7 (D 0,1,1) (S 16,32,31) (S 15,31,30) (S 98,30,30) (S 95,18,18) (S 2,4,3) (D 0,1,1)
0 1 11 1790 2845 10 (D 0,1,1) (S 110,63,63) (S 46,65,52) (S 114,77,77) (S 58,77,78) (S 73,90,91) (S 8,37,24) (S 9,24,25) (S 74,79,92) (D 0,1,1)
0 1 12 1749 2285 11 (D 0,1,1) (S 48,67,66) (S 59,79,80) (S 60,80,81) (S 62,81,94) (S 75,93,80) (S 115,80,80) (S 116,81,81) (S 118,92,92) (S 124,108,108) (D 0,1,1)
0 1 13 1737 2358 8 (D 0,1,1) (S 105,43,43) (S 103,41,41) (S 12,28,27) (S 96,27,27) (S 102,40,40) (S 125,109,109) (D 0,1,1)
0 1 14 1725 2571 9 (D 0,1,1) (S 91,8,8) (S 4,10,11) (S 93,12,12) (S 5,13,26) (S 11,26,25) (S 92,10,10) (S 94,16,16) (D 0,1,1)
0 1 15 1719 2401 7 (D 0,1,1) (S 61,81,82) (S 122,105,105) (S 82,107,108) (S 86,115,116) (S 127,116,116) (D 0,1,1)
0 1 16 1789 2755 7 (D 0,1,1) (S 1,15,2) (S 89,1,1) (S 123,107,107) (S 87,116,117) (S 88,117,104) (D 0,1,1)
0 1 17 1007 1345 5 (D 0,1,1) (S 81,104,103) (S 120,101,101) (S 119,99,99) (D 0,1,1)
