41777
23
19831926
13386082
0 1 1 1456 1619 7 (D 0,1,1) (S 2,1,11) (S 78,11,2) (S 3,2,3) (S 5,3,12) (S 17,12,19) (D 0,1,1)
0 1 2 1456 2078 11 (D 0,1,1) (S 1,1,10) (S 13,10,17) (S 22,17,18) (S 24,18,19) (S 25,19,20) (S 80,20,21) (S 81,21,22) (S 55,36,48) (S 20,15,16) (D 0,1,1)
0 1 3 1441 1730 7 (D 0,1,1) (S 12,10,11) (S 79,11,12) (S 16,12,13) (S 94,33,33) (S 70,45,44) (D 0,1,1)
0 1 4 1469 1970 8 (D 0,1,1) (S 14,11,18) (S 42,30,29) (S 43,29,42) (S 68,42,43) (S 45,43,30) (S 57,37,38) (D 0,1,1)
0 1 5 1454 2042 7 (D 0,1,1) (S 15,11,19) (S 26,19,31) (S 44,31,30) (S 69,43,44) (S 75,52,53) (D 0,1,1)
0 1 6 1464 1825 7 (D 0,1,1) (S 90,17,17) (S 23,17,29) (S 92,29,29) (S 93,32,32) (S 53,35,36) (D 0,1,1)
0 1 7 1437 1849 6 (D 0,1,1) (S 4,3,4) (S 6,4,5) (S 7,5,6) (S 10,7,25) (D 0,1,1)
0 1 8 1411 1656 5 (D 0,1,1) (S 46,31,44) (S 48,44,32) (S 27,32,20) (D 0,1,1)
0 1 9 1441 1763 6 (D 0,1,1) (S 18,13,20) (S 28,20,33) (S 50,33,45) (S 85,45,46) (D 0,1,1)
0 1 10 1559 1981 8 (D 0,1,1) (S 47,32,33) (S 49,33,34) (S 52,34,46) (S 71,46,47) (S 87,49,50) (S 37,26,27) (D 0,1,1)
0 1 11 1424 1755 5 (D 0,1,1) (S 8,5,14) (S 19,14,22) (S 30,22,23) (D 0,1,1)
0 1 12 1401 1791 7 (D 0,1,1) (S 29,21,34) (S 51,34,35) (S 95,35,35) (S 83,35,22) (S 32,23,24) (D 0,1,1)
0 1 13 1457 2104 8 (D 0,1,1) (S 97,45,45) (S 86,47,48) (S 72,48,49) (S 58,49,37) (S 82,24,25) (S 11,16,9) (D 0,1,1)
0 1 14 1437 1899 5 (D 0,1,1) (S 31,22,36) (S 33,36,23) (S 60,38,50) (D 0,1,1)
0 1 15 1363 1809 5 (D 0,1,1) (S 89,6,6) (S 9,6,7) (S 76,7,8) (D 0,1,1)
0 1 16 1353 1810 7 (D 0,1,1) (S 56,36,49) (S 87,49,50) (S 98,50,50) (S 73,50,51) (S 61,51,38) (D 0,1,1)
0 1 17 1328 1747 5 (D 0,1,1) (S 54,36,37) (S 34,37,24) (S 35,24,38) (D 0,1,1)
0 1 18 1304 1876 6 (D 0,1,1) (S 77,8,9) (S 21,16,28) (S 41,28,41) (S 67,41,53) (D 0,1,1)
0 1 19 1424 1879 5 (D 0,1,1) (S 91,25,25) (S 36,25,38) (S 59,38,39) (D 0,1,1)
0 1 20 1468 1973 6 (D 0,1,1) (S 84,26,40) (S 62,40,39) (S 96,39,39) (S 38,39,26) (D 0,1,1)
0 1 21 1365 1883 5 (D 0,1,1) (S 63,39,51) (S 74,51,52) (S 65,52,40) (D 0,1,1)
0 1 22 1436 1985 5 (D 0,1,1) (S 40,27,40) (S 64,40,41) (S 39,28,27) (D 0,1,1)
0 1 23 224 753 3 (D 0,1,1) (S 66,40,53) (D 0,1,1)
