26839
12
29304407
20386371
0 1 1 1848 2098 9 (D 0,1,1) (S 9,1,16) (S 31,16,16) (S 32,17,17) (S 2,18,19) (S 34,19,19) (S 35,20,20) (S 10,20,21) (D 0,1,1)
0 1 2 1826 2136 11 (D 0,1,1) (S 18,2,2) (S 25,9,9) (S 33,18,18) (S 42,27,27) (S 48,34,34) (S 49,35,35) (S 11,35,48) (S 4,48,47) (S 61,47,47) (D 0,1,1)
0 1 3 1827 2041 8 (D 0,1,1) (S 19,3,3) (S 7,4,11) (S 8,11,5) (S 1,5,12) (S 28,12,12) (S 21,5,5) (D 0,1,1)
0 1 4 1859 2283 10 (D 0,1,1) (S 41,26,26) (S 46,32,32) (S 47,33,33) (S 60,46,46) (S 6,55,56) (S 69,56,56) (S 16,55,63) (S 15,54,62) (D 0,1,1)
0 1 5 1848 2473 10 (D 0,1,1) (S 26,10,10) (S 27,11,11) (S 20,4,4) (S 22,6,6) (S 37,22,22) (S 36,21,21) (S 39,24,24) (S 65,51,51) (D 0,1,1)
0 1 6 1807 2207 8 (D 0,1,1) (S 59,45,45) (S 75,62,62) (S 76,63,63) (S 5,64,49) (S 63,49,49) (S 62,48,48) (D 0,1,1)
0 1 7 1837 2323 9 (D 0,1,1) (S 50,36,36) (S 51,37,37) (S 3,38,28) (S 43,28,28) (S 52,38,38) (S 53,39,39) (S 64,50,50) (D 0,1,1)
0 1 8 1857 2508 9 (D 0,1,1) (S 68,55,55) (S 77,64,64) (S 78,65,65) (S 17,65,66) (S 79,66,66) (S 72,59,59) (S 82,69,69) (D 0,1,1)
0 1 9 1863 2458 11 (D 0,1,1) (S 23,7,7) (S 29,14,14) (S 30,15,15) (S 24,8,8) (S 40,25,25) (S 45,31,31) (S 55,41,41) (S 58,44,44) (S 57,43,43) (D 0,1,1)
0 1 10 1808 2331 8 (D 0,1,1) (S 38,23,23) (S 44,29,29) (S 12,39,40) (S 54,40,40) (S 56,42,42) (S 74,61,61) (D 0,1,1)
0 1 11 1839 2408 8 (D 0,1,1) (S 70,57,57) (S 71,58,58) (S 14,59,50) (S 13,50,51) (S 66,52,52) (S 81,68,68) (D 0,1,1)
0 1 12 956 1573 5 (D 0,1,1) (S 73,60,60) (S 80,67,67) (S 67,53,53) (D 0,1,1)
