80041
36
28742710
22258423
0 1 1 1601 1937 8 (D 0,1,1) (S 2,1,8) (S 74,8,10) (S 133,10,10) (S 12,10,11) (S 11,11,9) (S 93,18,27) (D 0,1,1)
0 1 2 1594 1997 8 (D 0,1,1) (S 1,1,2) (S 3,2,9) (S 132,9,9) (S 134,11,11) (S 81,11,17) (S 107,27,35) (D 0,1,1)
0 1 3 1602 2057 9 (D 0,1,1) (S 131,8,8) (S 10,8,9) (S 13,11,18) (S 82,18,19) (S 95,19,29) (S 91,30,25) (S 77,19,12) (D 0,1,1)
0 1 4 1610 2340 7 (D 0,1,1) (S 75,10,17) (S 21,17,26) (S 147,26,26) (S 92,26,27) (S 118,49,58) (D 0,1,1)
0 1 5 1652 2002 8 (D 0,1,1) (S 69,2,3) (S 69,3,2) (S 126,2,2) (S 71,3,12) (S 71,12,3) (S 128,4,4) (D 0,1,1)
0 1 6 1533 2142 9 (D 0,1,1) (S 140,17,17) (S 22,18,26) (S 92,26,27) (S 148,27,27) (S 32,27,28) (S 149,28,28) (S 97,29,39) (D 0,1,1)
0 1 7 1555 1956 6 (D 0,1,1) (S 127,3,3) (S 4,3,4) (S 5,4,5) (S 72,5,14) (D 0,1,1)
0 1 8 1597 2197 7 (D 0,1,1) (S 14,12,13) (S 136,13,13) (S 6,13,4) (S 17,13,20) (S 79,23,15) (D 0,1,1)
0 1 9 1759 2208 7 (D 0,1,1) (S 135,12,12) (S 16,13,19) (S 23,19,20) (S 83,20,25) (S 45,40,39) (D 0,1,1)
0 1 10 1614 2047 6 (D 0,1,1) (S 141,18,18) (S 142,19,19) (S 24,19,28) (S 33,28,29) (D 0,1,1)
0 1 11 1676 2186 9 (D 0,1,1) (S 31,26,34) (S 106,34,36) (S 106,36,34) (S 154,34,34) (S 42,36,45) (S 115,46,43) (S 173,53,53) (D 0,1,1)
0 1 12 1590 2117 6 (D 0,1,1) (S 39,34,35) (S 155,35,35) (S 40,35,37) (S 175,55,55) (D 0,1,1)
0 1 13 1433 2253 7 (D 0,1,1) (S 15,13,14) (S 137,14,14) (S 19,14,22) (S 84,22,31) (S 46,40,41) (D 0,1,1)
0 1 14 1742 2380 8 (D 0,1,1) (S 129,5,5) (S 7,5,6) (S 130,6,6) (S 8,6,7) (S 73,7,16) (S 114,42,51) (D 0,1,1)
0 1 15 1558 2482 7 (D 0,1,1) (S 72,5,14) (S 18,14,15) (S 138,15,15) (S 79,15,23) (S 121,51,60) (D 0,1,1)
0 1 16 1569 2065 7 (D 0,1,1) (S 41,36,37) (S 109,37,38) (S 44,38,44) (S 164,44,44) (S 49,44,43) (D 0,1,1)
0 1 17 1604 2237 7 (D 0,1,1) (S 156,36,36) (S 157,37,37) (S 34,37,28) (S 35,28,38) (S 160,40,40) (D 0,1,1)
0 1 18 1609 2285 7 (D 0,1,1) (S 83,20,25) (S 90,25,21) (S 27,21,22) (S 145,22,22) (S 153,33,33) (D 0,1,1)
0 1 19 1605 2065 6 (D 0,1,1) (S 143,20,20) (S 25,20,21) (S 144,21,21) (S 26,20,29) (D 0,1,1)
0 1 20 1265 2174 6 (D 0,1,1) (S 43,37,43) (S 115,43,46) (S 53,46,47) (S 122,56,55) (D 0,1,1)
0 1 21 1644 2474 9 (D 0,1,1) (S 9,6,15) (S 20,15,16) (S 80,16,24) (S 104,24,33) (S 103,33,32) (S 113,41,50) (S 178,58,58) (D 0,1,1)
0 1 22 1594 2194 7 (D 0,1,1) (S 165,45,45) (S 51,45,46) (S 54,46,53) (S 64,53,55) (S 176,56,56) (D 0,1,1)
0 1 23 1453 2418 7 (D 0,1,1) (S 52,45,52) (S 63,52,54) (S 65,54,55) (S 122,55,56) (S 124,58,59) (D 0,1,1)
0 1 24 1508 2328 8 (D 0,1,1) (S 163,43,43) (S 166,46,46) (S 62,53,52) (S 172,52,52) (S 174,54,54) (S 97,39,29) (D 0,1,1)
0 1 25 1527 2313 6 (D 0,1,1) (S 30,25,31) (S 36,31,40) (S 47,40,49) (S 113,50,41) (D 0,1,1)
0 1 26 1643 2239 8 (D 0,1,1) (S 150,29,29) (S 96,29,30) (S 99,30,31) (S 101,31,32) (S 29,32,23) (S 84,22,31) (D 0,1,1)
0 1 27 1593 2381 7 (D 0,1,1) (S 96,29,30) (S 101,31,32) (S 37,32,41) (S 161,41,41) (S 171,51,51) (D 0,1,1)
0 1 28 1606 2425 7 (D 0,1,1) (S 158,38,38) (S 110,38,39) (S 159,39,39) (S 112,39,48) (S 86,23,24) (D 0,1,1)
0 1 29 1384 2061 6 (D 0,1,1) (S 28,22,23) (S 86,23,24) (S 146,24,24) (S 80,24,16) (D 0,1,1)
0 1 30 1558 2330 7 (D 0,1,1) (S 151,31,31) (S 103,32,33) (S 38,33,42) (S 114,42,51) (S 162,42,42) (D 0,1,1)
0 1 31 1614 2270 6 (D 0,1,1) (S 50,44,47) (S 167,47,47) (S 56,47,56) (S 66,56,57) (D 0,1,1)
0 1 32 1532 2259 6 (D 0,1,1) (S 112,39,48) (S 57,48,49) (S 59,49,50) (S 170,50,50) (D 0,1,1)
0 1 33 1609 2485 7 (D 0,1,1) (S 55,47,48) (S 168,48,48) (S 58,48,57) (S 177,57,57) (S 180,60,60) (D 0,1,1)
0 1 34 1527 2330 5 (D 0,1,1) (S 139,16,16) (S 152,32,32) (S 48,41,42) (D 0,1,1)
0 1 35 1338 2327 6 (D 0,1,1) (S 169,49,49) (S 67,58,57) (S 124,58,59) (S 179,59,59) (D 0,1,1)
0 1 36 1225 2080 5 (D 0,1,1) (S 61,50,59) (S 68,59,60) (S 60,51,50) (D 0,1,1)
