35535
15
15867709
10953221
0 1 1 1809 2072 9 (D 0,1,1) (S 18,1,10) (S 20,10,11) (S 7,11,2) (S 69,2,2) (S 5,2,1) (S 6,2,3) (S 8,3,4) (D 0,1,1)
0 1 2 1524 2382 10 (D 0,1,1) (S 29,11,19) (S 83,19,19) (S 30,19,20) (S 31,20,12) (S 77,12,12) (S 9,12,3) (S 8,3,4) (S 45,17,26) (D 0,1,1)
0 1 3 1803 2389 12 (D 0,1,1) (S 76,11,11) (S 19,10,18) (S 82,18,18) (S 30,19,20) (S 84,20,20) (S 35,20,21) (S 34,21,5) (S 40,23,24) (S 15,16,8) (S 37,22,21) (D 0,1,1)
0 1 4 1877 2434 9 (D 0,1,1) (S 70,3,3) (S 33,4,21) (S 85,21,21) (S 36,21,27) (S 2,27,33) (S 53,33,34) (S 64,47,46) (D 0,1,1)
0 1 5 2061 2270 12 (D 0,1,1) (S 75,10,10) (S 47,29,30) (S 48,30,42) (S 59,42,43) (S 103,43,43) (S 60,43,44) (S 62,44,45) (S 101,40,40) (S 58,40,39) (S 51,39,32) (D 0,1,1)
0 1 6 1795 2298 9 (D 0,1,1) (S 71,4,4) (S 21,5,13) (S 22,13,22) (S 86,22,22) (S 39,22,23) (S 1,23,35) (S 65,35,47) (D 0,1,1)
0 1 7 2036 2383 10 (D 0,1,1) (S 72,6,6) (S 11,6,14) (S 78,14,14) (S 24,14,23) (S 24,23,14) (S 23,14,13) (S 92,28,28) (S 49,32,31) (D 0,1,1)
0 1 8 1784 2192 8 (D 0,1,1) (S 93,30,30) (S 50,31,38) (S 3,38,39) (S 51,39,32) (S 94,32,32) (S 100,39,39) (D 0,1,1)
0 1 9 1939 2374 9 (D 0,1,1) (S 73,7,7) (S 13,7,16) (S 28,16,26) (S 90,26,26) (S 28,26,16) (S 27,16,25) (S 41,25,24) (D 0,1,1)
0 1 10 1496 2233 8 (D 0,1,1) (S 12,7,8) (S 14,8,9) (S 74,9,9) (S 17,9,17) (S 81,17,17) (S 80,16,16) (D 0,1,1)
0 1 11 1817 2598 10 (D 0,1,1) (S 87,23,23) (S 25,24,15) (S 26,15,16) (S 27,16,25) (S 89,25,25) (S 14,8,9) (S 79,15,15) (S 61,39,44) (D 0,1,1)
0 1 12 1776 2464 8 (D 0,1,1) (S 88,24,24) (S 42,24,36) (S 55,36,35) (S 97,35,35) (S 54,35,34) (S 64,47,46) (D 0,1,1)
0 1 13 1787 2437 7 (D 0,1,1) (S 95,33,33) (S 52,33,40) (S 4,40,45) (S 91,27,27) (S 63,34,46) (D 0,1,1)
0 1 14 1531 2618 9 (D 0,1,1) (S 102,41,41) (S 104,44,44) (S 36,27,21) (S 96,34,34) (S 98,36,36) (S 56,36,48) (S 106,47,47) (D 0,1,1)
0 1 15 1795 2391 8 (D 0,1,1) (S 99,37,37) (S 108,49,49) (S 68,49,48) (S 107,48,48) (S 67,48,47) (S 105,46,46) (D 0,1,1)
