48476
26
17027511
12394482
0 1 1 1521 1885 7 (D 0,1,1) (S 24,22,12) (S 10,12,5) (S 7,5,4) (S 5,4,3) (S 3,3,2) (D 0,1,1)
0 1 2 1539 1779 6 (D 0,1,1) (S 40,22,21) (S 41,21,29) (S 39,29,20) (S 29,20,15) (D 0,1,1)
0 1 3 1544 1947 6 (D 0,1,1) (S 42,22,23) (S 44,23,24) (S 46,24,32) (S 56,29,37) (D 0,1,1)
0 1 4 1542 1850 6 (D 0,1,1) (S 43,22,30) (S 55,30,29) (S 57,29,38) (S 74,38,49) (D 0,1,1)
0 1 5 1532 1834 6 (D 0,1,1) (S 58,30,31) (S 45,31,23) (S 26,23,13) (S 27,14,24) (D 0,1,1)
0 1 6 1558 1928 6 (D 0,1,1) (S 59,30,39) (S 76,39,50) (S 90,50,51) (S 91,51,52) (D 0,1,1)
0 1 7 1519 1803 6 (D 0,1,1) (S 32,21,17) (S 22,17,11) (S 8,11,4) (S 20,10,16) (D 0,1,1)
0 1 8 1502 1790 5 (D 0,1,1) (S 37,21,20) (S 35,20,19) (S 17,19,9) (D 0,1,1)
0 1 9 1560 1995 7 (D 0,1,1) (S 31,21,16) (S 28,16,15) (S 19,15,10) (S 18,10,11) (S 14,9,8) (D 0,1,1)
0 1 10 1480 1786 5 (D 0,1,1) (S 23,12,13) (S 25,13,14) (S 13,14,7) (D 0,1,1)
0 1 11 1544 1953 6 (D 0,1,1) (S 21,12,11) (S 30,17,16) (S 16,10,9) (S 33,19,18) (D 0,1,1)
0 1 12 1470 1755 5 (D 0,1,1) (S 61,31,40) (S 78,40,51) (S 75,40,39) (D 0,1,1)
0 1 13 1514 1890 6 (D 0,1,1) (S 60,31,32) (S 63,32,41) (S 79,41,52) (S 77,41,40) (D 0,1,1)
0 1 14 1535 1834 5 (D 0,1,1) (S 73,39,38) (S 71,38,37) (S 54,37,28) (D 0,1,1)
0 1 15 1529 2250 6 (D 0,1,1) (S 12,13,6) (S 11,6,7) (S 9,6,5) (S 48,25,33) (D 0,1,1)
0 1 16 1378 1744 6 (D 0,1,1) (S 53,29,28) (S 51,28,27) (S 52,27,36) (S 68,36,35) (D 0,1,1)
0 1 17 1444 1820 5 (D 0,1,1) (S 38,20,28) (S 49,27,26) (S 47,26,25) (D 0,1,1)
0 1 18 1536 1960 5 (D 0,1,1) (S 6,10,3) (S 1,2,1) (S 4,2,9) (D 0,1,1)
0 1 19 1403 1948 6 (D 0,1,1) (S 62,32,40) (S 89,50,49) (S 88,49,48) (S 84,47,44) (D 0,1,1)
0 1 20 1564 1963 5 (D 0,1,1) (S 36,19,26) (S 50,26,35) (S 66,35,34) (D 0,1,1)
0 1 21 1497 1945 6 (D 0,1,1) (S 72,37,48) (S 87,48,47) (S 86,47,46) (S 83,46,43) (D 0,1,1)
0 1 22 1491 1900 5 (D 0,1,1) (S 70,37,36) (S 69,35,44) (S 82,44,43) (D 0,1,1)
0 1 23 1533 2124 5 (D 0,1,1) (S 15,18,8) (S 2,8,1) (S 64,33,34) (D 0,1,1)
0 1 24 1392 1863 5 (D 0,1,1) (S 34,18,25) (S 65,33,42) (S 80,42,43) (D 0,1,1)
0 1 25 1253 1737 4 (D 0,1,1) (S 67,34,43) (S 81,42,45) (D 0,1,1)
0 1 26 708 1193 3 (D 0,1,1) (S 85,46,45) (D 0,1,1)
