21876
12
7460347
3937984
0 1 1 1505 1978 8 (D 0,1,1) (S 2,1,6) (S 10,6,7) (S 4,7,2) (S 42,7,12) (S 50,24,24) (S 44,26,25) (D 0,1,1)
0 1 2 1541 1699 5 (D 0,1,1) (S 1,1,2) (S 3,2,3) (S 45,3,3) (D 0,1,1)
0 1 3 1510 1854 9 (D 0,1,1) (S 11,6,11) (S 46,11,11) (S 41,11,12) (S 18,12,13) (S 40,13,8) (S 6,8,3) (S 5,3,4) (D 0,1,1)
0 1 4 1529 1829 6 (D 0,1,1) (S 12,7,8) (S 13,8,9) (S 8,9,4) (S 7,4,5) (D 0,1,1)
0 1 5 1471 1791 5 (D 0,1,1) (S 17,11,18) (S 27,18,23) (S 35,23,25) (D 0,1,1)
0 1 6 1500 1999 7 (D 0,1,1) (S 9,5,10) (S 16,10,15) (S 23,15,22) (S 49,22,22) (S 33,22,29) (D 0,1,1)
0 1 7 1419 1803 7 (D 0,1,1) (S 19,12,16) (S 25,16,19) (S 29,19,24) (S 36,24,26) (S 34,24,23) (D 0,1,1)
0 1 8 1541 1973 6 (D 0,1,1) (S 26,18,19) (S 28,19,20) (S 31,20,27) (S 32,28,21) (D 0,1,1)
0 1 9 1519 1984 7 (D 0,1,1) (S 14,9,10) (S 15,9,14) (S 47,14,14) (S 22,14,15) (S 43,17,21) (D 0,1,1)
0 1 10 1256 1612 5 (D 0,1,1) (S 24,16,17) (S 21,17,13) (S 20,13,14) (D 0,1,1)
0 1 11 1489 2024 5 (D 0,1,1) (S 30,20,21) (S 39,28,29) (S 38,28,27) (D 0,1,1)
0 1 12 813 1330 4 (D 0,1,1) (S 48,15,15) (S 37,27,26) (D 0,1,1)
