49676
26
22515536
15567491
0 1 1 1630 1824 7 (D 0,1,1) (S 2,1,16) (S 28,16,17) (S 31,17,26) (S 46,26,35) (S 61,35,34) (D 0,1,1)
0 1 2 1622 1903 8 (D 0,1,1) (S 1,1,2) (S 3,2,3) (S 5,3,4) (S 7,4,5) (S 104,12,12) (S 36,21,30) (D 0,1,1)
0 1 3 1647 1950 8 (D 0,1,1) (S 105,16,16) (S 29,16,25) (S 45,25,34) (S 102,34,43) (S 75,43,44) (S 90,51,52) (D 0,1,1)
0 1 4 1627 2044 8 (D 0,1,1) (S 4,2,9) (S 16,9,18) (S 30,18,17) (S 44,26,25) (S 48,27,36) (S 91,52,53) (D 0,1,1)
0 1 5 1613 1827 6 (D 0,1,1) (S 15,9,10) (S 6,10,3) (S 8,4,11) (S 96,11,10) (D 0,1,1)
0 1 6 1633 1924 8 (D 0,1,1) (S 106,25,25) (S 100,26,27) (S 47,27,28) (S 50,28,37) (S 103,37,38) (S 98,20,19) (D 0,1,1)
0 1 7 1646 2077 7 (D 0,1,1) (S 17,10,19) (S 33,19,28) (S 49,28,29) (S 52,29,38) (S 95,14,7) (D 0,1,1)
0 1 8 1614 1954 8 (D 0,1,1) (S 18,10,20) (S 34,20,21) (S 99,21,22) (S 37,22,23) (S 40,23,24) (S 26,24,14) (D 0,1,1)
0 1 9 1620 1921 6 (D 0,1,1) (S 32,18,19) (S 101,18,27) (S 65,36,45) (S 63,44,35) (D 0,1,1)
0 1 10 1505 1773 5 (D 0,1,1) (S 9,4,12) (S 11,12,5) (S 20,12,21) (D 0,1,1)
0 1 11 1634 1935 6 (D 0,1,1) (S 19,11,20) (S 35,20,29) (S 51,29,30) (S 53,30,31) (D 0,1,1)
0 1 12 1513 1792 5 (D 0,1,1) (S 10,5,6) (S 97,6,14) (S 22,14,13) (D 0,1,1)
0 1 13 1640 2109 6 (D 0,1,1) (S 76,43,50) (S 89,50,51) (S 78,51,44) (S 87,48,55) (D 0,1,1)
0 1 14 1520 1824 5 (D 0,1,1) (S 62,35,36) (S 64,36,37) (S 66,37,46) (D 0,1,1)
0 1 15 1474 1857 6 (D 0,1,1) (S 21,12,22) (S 23,22,13) (S 12,13,6) (S 13,7,8) (D 0,1,1)
0 1 16 1539 1878 5 (D 0,1,1) (S 77,44,45) (S 80,45,52) (S 83,53,46) (D 0,1,1)
0 1 17 1618 2122 6 (D 0,1,1) (S 79,45,46) (S 68,46,38) (S 67,38,39) (S 94,55,56) (D 0,1,1)
0 1 18 1585 1934 5 (D 0,1,1) (S 69,38,47) (S 81,47,46) (S 82,46,52) (D 0,1,1)
0 1 19 1622 1964 6 (D 0,1,1) (S 107,30,30) (S 54,30,39) (S 70,39,40) (S 38,31,22) (D 0,1,1)
0 1 20 1583 1971 5 (D 0,1,1) (S 39,22,32) (S 41,32,23) (S 43,24,33) (D 0,1,1)
0 1 21 1500 1869 5 (D 0,1,1) (S 24,14,15) (S 27,15,24) (S 42,24,32) (D 0,1,1)
0 1 22 1491 1960 6 (D 0,1,1) (S 25,14,23) (S 59,32,42) (S 74,42,49) (S 88,49,56) (D 0,1,1)
0 1 23 1438 1874 6 (D 0,1,1) (S 55,31,40) (S 72,40,48) (S 86,48,49) (S 60,42,33) (D 0,1,1)
0 1 24 1618 2121 6 (D 0,1,1) (S 14,8,15) (S 56,33,32) (S 58,32,41) (S 85,47,54) (D 0,1,1)
0 1 25 1624 2174 6 (D 0,1,1) (S 84,47,48) (S 57,40,32) (S 73,41,42) (S 93,55,54) (D 0,1,1)
0 1 26 646 1095 4 (D 0,1,1) (S 92,53,54) (S 71,40,41) (D 0,1,1)
