68704
28
78591256
68642992
0 1 1 1996 2154 11 (D 0,1,1) (S 10,1,2) (S 152,2,2) (S 11,2,14) (S 21,14,15) (S 12,16,4) (S 12,4,16) (S 153,3,3) (S 23,5,17) (S 27,7,19) (D 0,1,1)
0 1 2 1746 2404 11 (D 0,1,1) (S 20,14,24) (S 34,24,25) (S 35,25,26) (S 159,26,26) (S 24,27,17) (S 37,27,28) (S 38,28,29) (S 15,7,20) (S 96,72,71) (D 0,1,1)
0 1 3 1751 2350 10 (D 0,1,1) (S 19,14,13) (S 32,13,23) (S 157,23,23) (S 33,23,24) (S 158,24,24) (S 45,25,37) (S 73,44,55) (S 133,92,105) (D 0,1,1)
0 1 4 1744 2491 9 (D 0,1,1) (S 13,5,6) (S 25,6,18) (S 26,18,19) (S 26,19,18) (S 161,29,29) (S 156,20,20) (S 97,61,73) (D 0,1,1)
0 1 5 2034 2335 12 (D 0,1,1) (S 52,36,45) (S 54,45,46) (S 168,46,46) (S 55,46,57) (S 174,57,57) (S 3,57,67) (S 102,67,78) (S 130,91,104) (S 144,103,116) (S 146,119,106) (D 0,1,1)
0 1 6 2310 2473 13 (D 0,1,1) (S 46,36,37) (S 56,37,47) (S 169,47,47) (S 58,47,48) (S 170,48,48) (S 60,48,59) (S 80,59,69) (S 103,69,80) (S 115,93,106) (S 137,106,107) (S 140,111,112) (D 0,1,1)
0 1 7 1750 2333 11 (D 0,1,1) (S 160,27,27) (S 36,27,38) (S 57,38,47) (S 59,48,49) (S 63,49,59) (S 79,59,68) (S 91,68,79) (S 93,68,69) (S 72,55,54) (D 0,1,1)
0 1 8 1754 2720 13 (D 0,1,1) (S 51,43,44) (S 53,44,45) (S 55,46,57) (S 77,57,56) (S 74,56,55) (S 88,55,65) (S 87,65,64) (S 89,65,66) (S 75,66,56) (S 78,57,58) (S 124,86,99) (D 0,1,1)
0 1 9 1774 2392 9 (D 0,1,1) (S 71,43,54) (S 173,54,54) (S 178,65,65) (S 90,66,67) (S 179,68,68) (S 80,59,69) (S 117,94,107) (D 0,1,1)
0 1 10 1749 2533 12 (D 0,1,1) (S 154,7,7) (S 14,7,8) (S 29,8,20) (S 30,20,30) (S 41,30,31) (S 42,31,32) (S 49,32,40) (S 65,51,50) (S 62,50,49) (S 86,62,63) (D 0,1,1)
0 1 11 1750 2330 8 (D 0,1,1) (S 165,37,37) (S 48,38,39) (S 61,39,49) (S 171,49,49) (S 47,39,29) (S 39,20,31) (D 0,1,1)
0 1 12 1753 2455 12 (D 0,1,1) (S 40,21,31) (S 64,31,50) (S 81,50,60) (S 82,60,72) (S 106,72,83) (S 119,96,97) (S 120,97,110) (S 138,110,109) (S 6,109,96) (S 117,94,107) (D 0,1,1)
0 1 13 2064 2472 10 (D 0,1,1) (S 31,21,22) (S 2,22,32) (S 43,32,33) (S 1,33,11) (S 17,11,12) (S 155,12,12) (S 17,12,11) (S 85,62,74) (D 0,1,1)
0 1 14 1715 2313 8 (D 0,1,1) (S 16,10,11) (S 163,33,33) (S 67,41,52) (S 68,52,62) (S 177,62,62) (S 84,62,61) (D 0,1,1)
0 1 15 1740 2696 11 (D 0,1,1) (S 162,31,31) (S 83,60,61) (S 66,61,51) (S 50,51,40) (S 69,52,53) (S 70,53,63) (S 100,63,75) (S 188,86,86) (S 142,113,126) (D 0,1,1)
0 1 16 1829 2363 9 (D 0,1,1) (S 175,59,59) (S 180,69,69) (S 192,92,92) (S 131,104,105) (S 131,105,104) (S 132,104,117) (S 206,117,117) (D 0,1,1)
0 1 17 1718 2652 8 (D 0,1,1) (S 166,39,39) (S 44,34,42) (S 167,42,42) (S 172,53,53) (S 85,62,74) (S 107,73,84) (D 0,1,1)
0 1 18 1824 2462 12 (D 0,1,1) (S 114,91,90) (S 191,90,90) (S 113,89,102) (S 127,102,101) (S 112,101,88) (S 189,88,88) (S 101,88,76) (S 101,76,88) (S 204,114,114) (S 128,115,102) (D 0,1,1)
0 1 19 1754 2335 8 (D 0,1,1) (S 104,70,81) (S 105,81,94) (S 118,94,95) (S 5,95,82) (S 186,82,82) (S 95,82,71) (D 0,1,1)
0 1 20 1739 2515 9 (D 0,1,1) (S 94,70,71) (S 182,71,71) (S 181,70,70) (S 116,94,93) (S 193,93,93) (S 199,107,107) (S 148,108,121) (D 0,1,1)
0 1 21 1713 2581 10 (D 0,1,1) (S 7,104,103) (S 129,103,102) (S 128,102,115) (S 205,115,115) (S 195,102,102) (S 145,116,117) (S 207,118,118) (S 150,122,123) (D 0,1,1)
0 1 22 1703 2652 9 (D 0,1,1) (S 164,34,34) (S 176,61,61) (S 183,72,72) (S 98,72,73) (S 184,73,73) (S 110,86,87) (S 203,113,113) (D 0,1,1)
0 1 23 1683 2322 7 (D 0,1,1) (S 115,93,106) (S 198,106,106) (S 197,105,105) (S 196,103,103) (S 190,89,89) (D 0,1,1)
0 1 24 1742 2466 7 (D 0,1,1) (S 147,107,120) (S 149,120,121) (S 210,121,121) (S 209,120,120) (S 200,109,109) (D 0,1,1)
0 1 25 1746 2520 6 (D 0,1,1) (S 208,119,119) (S 8,109,122) (S 211,122,122) (S 139,123,110) (D 0,1,1)
0 1 26 1820 2601 10 (D 0,1,1) (S 187,84,84) (S 108,84,85) (S 109,85,98) (S 123,98,111) (S 9,111,110) (S 201,110,110) (S 151,111,124) (S 122,99,98) (D 0,1,1)
0 1 27 1639 2371 7 (D 0,1,1) (S 185,75,75) (S 4,75,87) (S 126,100,99) (S 122,99,98) (S 121,98,97) (D 0,1,1)
0 1 28 1536 2413 6 (D 0,1,1) (S 202,111,111) (S 141,112,99) (S 194,99,99) (S 212,124,124) (D 0,1,1)
