15420
7
6380206
2351646
0 1 1 1801 2203 10 (D 0,1,1) (S 1,1,2) (S 2,2,6) (S 2,6,2) (S 38,2,2) (S 10,2,7) (S 11,7,12) (S 11,12,7) (S 4,8,3) (D 0,1,1)
0 1 2 1800 2373 11 (D 0,1,1) (S 12,7,8) (S 41,8,8) (S 14,8,9) (S 16,9,10) (S 23,10,14) (S 30,14,17) (S 29,17,16) (S 26,16,15) (S 21,13,14) (D 0,1,1)
0 1 3 1788 2097 8 (D 0,1,1) (S 43,11,11) (S 31,11,18) (S 32,18,19) (S 47,19,19) (S 27,19,15) (S 25,15,12) (D 0,1,1)
0 1 4 1703 2393 11 (D 0,1,1) (S 17,11,12) (S 20,12,13) (S 22,13,16) (S 26,16,15) (S 27,15,19) (S 35,19,20) (S 37,20,21) (S 13,13,8) (S 8,10,5) (D 0,1,1)
0 1 5 1703 2295 8 (D 0,1,1) (S 17,11,12) (S 44,15,15) (S 32,19,18) (S 35,19,20) (S 45,16,16) (S 8,10,5) (D 0,1,1)
0 1 6 1832 1910 8 (D 0,1,1) (S 3,3,4) (S 3,4,3) (S 6,4,5) (S 6,5,4) (S 39,4,4) (S 40,5,5) (D 0,1,1)
0 1 7 1257 2149 6 (D 0,1,1) (S 42,10,10) (S 21,14,13) (S 46,17,17) (S 48,21,21) (D 0,1,1)
