48280
20
87912407
78299437
0 1 1 1866 2425 12 (D 0,1,1) (S 108,87,87) (S 100,74,74) (S 25,74,75) (S 101,75,75) (S 17,62,61) (S 16,61,60) (S 24,60,73) (S 2,72,59) (S 29,70,84) (S 47,125,124) (D 0,1,1)
0 1 2 1872 2163 12 (D 0,1,1) (S 30,96,84) (S 106,84,84) (S 35,84,95) (S 40,95,108) (S 41,108,109) (S 118,109,109) (S 123,120,120) (S 51,131,132) (S 131,132,132) (S 125,122,122) (D 0,1,1)
0 1 3 1872 2791 14 (D 0,1,1) (S 107,85,85) (S 37,89,100) (S 114,100,100) (S 38,100,101) (S 115,101,101) (S 116,103,103) (S 129,127,127) (S 49,127,128) (S 54,128,138) (S 43,114,113) (S 42,111,110) (S 32,91,79) (D 0,1,1)
0 1 4 1874 2455 13 (D 0,1,1) (S 113,99,99) (S 36,99,98) (S 112,98,98) (S 46,111,123) (S 126,123,123) (S 124,121,121) (S 57,131,141) (S 59,141,142) (S 137,142,142) (S 56,141,140) (S 133,135,135) (D 0,1,1)
0 1 5 1869 2317 8 (D 0,1,1) (S 111,94,94) (S 23,83,70) (S 105,83,83) (S 93,58,58) (S 99,71,71) (S 102,76,76) (D 0,1,1)
0 1 6 1855 2345 11 (D 0,1,1) (S 26,76,77) (S 19,77,64) (S 95,64,64) (S 96,65,65) (S 21,65,78) (S 31,78,90) (S 109,91,91) (S 103,79,79) (S 15,52,53) (D 0,1,1)
0 1 7 1857 2463 10 (D 0,1,1) (S 94,62,62) (S 18,63,50) (S 89,50,50) (S 13,50,51) (S 90,51,51) (S 14,51,52) (S 20,52,65) (S 71,16,16) (D 0,1,1)
0 1 8 1741 2294 9 (D 0,1,1) (S 88,48,48) (S 10,37,38) (S 10,38,37) (S 9,27,28) (S 75,28,28) (S 80,39,39) (S 81,41,41) (D 0,1,1)
0 1 9 1863 2524 9 (D 0,1,1) (S 87,47,47) (S 86,46,46) (S 85,45,45) (S 84,44,44) (S 70,14,14) (S 5,14,15) (S 69,13,13) (D 0,1,1)
0 1 10 1861 2385 8 (D 0,1,1) (S 58,132,142) (S 52,133,143) (S 138,143,143) (S 132,133,133) (S 60,134,144) (S 53,136,137) (D 0,1,1)
0 1 11 1770 2455 9 (D 0,1,1) (S 117,108,108) (S 55,118,140) (S 136,140,140) (S 127,124,124) (S 119,113,113) (S 128,125,125) (S 62,147,146) (D 0,1,1)
0 1 12 1816 2427 7 (D 0,1,1) (S 74,27,27) (S 66,6,6) (S 6,8,17) (S 67,10,10) (S 8,11,20) (D 0,1,1)
0 1 13 1781 2500 9 (D 0,1,1) (S 65,5,5) (S 3,5,4) (S 1,4,3) (S 64,3,3) (S 73,22,22) (S 77,30,30) (S 92,54,54) (D 0,1,1)
0 1 14 1815 2420 7 (D 0,1,1) (S 97,67,67) (S 27,80,81) (S 104,80,80) (S 110,92,92) (S 39,104,115) (D 0,1,1)
0 1 15 1850 3063 9 (D 0,1,1) (S 48,137,126) (S 120,114,114) (S 134,137,137) (S 140,148,148) (S 50,128,129) (S 44,129,116) (S 68,12,12) (D 0,1,1)
0 1 16 1862 2692 8 (D 0,1,1) (S 61,145,144) (S 139,144,144) (S 135,139,139) (S 141,150,150) (S 121,116,116) (S 45,117,106) (D 0,1,1)
0 1 17 1711 2330 7 (D 0,1,1) (S 76,29,29) (S 12,41,42) (S 82,42,42) (S 91,53,53) (S 22,56,69) (D 0,1,1)
0 1 18 1734 2501 8 (D 0,1,1) (S 33,93,82) (S 28,82,69) (S 98,68,68) (S 34,93,106) (S 122,117,117) (S 130,130,130) (D 0,1,1)
0 1 19 1660 2302 7 (D 0,1,1) (S 78,32,32) (S 72,20,20) (S 7,19,18) (S 79,33,33) (S 83,43,43) (D 0,1,1)
0 1 20 666 1428 4 (D 0,1,1) (S 63,2,2) (S 4,12,21) (D 0,1,1)
