50690
25
29986021
23993094
0 1 1 1802 1924 12 (D 0,1,1) (S 61,38,37) (S 93,37,51) (S 160,51,51) (S 92,51,50) (S 89,50,49) (S 112,49,61) (S 115,61,62) (S 120,62,63) (S 166,63,63) (S 70,54,41) (D 0,1,1)
0 1 2 1631 1809 9 (D 0,1,1) (S 62,38,52) (S 161,52,52) (S 66,52,39) (S 68,39,40) (S 153,40,40) (S 100,40,54) (S 125,66,65) (D 0,1,1)
0 1 3 1687 2139 12 (D 0,1,1) (S 65,38,39) (S 35,39,23) (S 33,23,22) (S 32,22,21) (S 145,21,21) (S 30,21,20) (S 28,20,19) (S 144,19,19) (S 6,4,5) (S 48,13,29) (D 0,1,1)
0 1 4 1546 1971 10 (D 0,1,1) (S 96,52,53) (S 162,53,53) (S 123,53,65) (S 103,65,54) (S 103,54,65) (S 122,65,64) (S 91,37,50) (S 9,20,6) (D 0,1,1)
0 1 5 1627 1994 8 (D 0,1,1) (S 96,52,53) (S 97,53,39) (S 63,39,22) (S 34,23,7) (S 138,7,7) (S 13,10,11) (D 0,1,1)
0 1 6 1586 1966 10 (D 0,1,1) (S 95,52,51) (S 94,51,63) (S 121,63,64) (S 119,52,63) (S 94,63,51) (S 151,37,37) (S 31,37,21) (S 25,19,4) (D 0,1,1)
0 1 7 1639 1941 9 (D 0,1,1) (S 99,53,54) (S 163,54,54) (S 104,54,66) (S 126,66,67) (S 127,67,68) (S 168,68,68) (S 105,55,67) (D 0,1,1)
0 1 8 1406 2250 9 (D 0,1,1) (S 70,54,41) (S 71,41,55) (S 102,55,54) (S 167,66,66) (S 35,39,23) (S 8,7,6) (S 21,16,1) (D 0,1,1)
0 1 9 1638 2464 9 (D 0,1,1) (S 60,37,36) (S 90,36,50) (S 116,50,62) (S 165,62,62) (S 88,49,35) (S 143,18,18) (S 81,45,57) (D 0,1,1)
0 1 10 1630 1963 8 (D 0,1,1) (S 152,39,39) (S 38,39,24) (S 36,24,8) (S 11,8,9) (S 12,9,10) (S 140,11,11) (D 0,1,1)
0 1 11 1641 2047 10 (D 0,1,1) (S 67,40,24) (S 37,24,9) (S 39,9,25) (S 42,25,26) (S 41,26,10) (S 14,11,12) (S 16,12,28) (S 76,28,44) (D 0,1,1)
0 1 12 1617 2008 11 (D 0,1,1) (S 69,40,41) (S 72,41,56) (S 128,56,68) (S 130,68,69) (S 129,69,56) (S 106,56,42) (S 74,42,43) (S 47,28,27) (S 147,27,27) (D 0,1,1)
0 1 13 1615 2038 9 (D 0,1,1) (S 115,62,61) (S 113,61,50) (S 58,36,20) (S 27,20,5) (S 136,5,5) (S 7,5,6) (S 57,35,34) (D 0,1,1)
0 1 14 1643 2001 8 (D 0,1,1) (S 73,41,42) (S 43,42,26) (S 45,26,27) (S 46,27,43) (S 75,43,69) (S 40,41,25) (D 0,1,1)
0 1 15 1642 2163 9 (D 0,1,1) (S 154,41,41) (S 146,24,24) (S 139,8,8) (S 44,11,27) (S 15,12,13) (S 141,14,14) (S 20,15,31) (D 0,1,1)
0 1 16 1625 2053 9 (D 0,1,1) (S 114,61,60) (S 110,60,59) (S 53,59,32) (S 22,32,16) (S 23,16,17) (S 3,17,2) (S 2,2,3) (D 0,1,1)
0 1 17 1628 2180 10 (D 0,1,1) (S 10,21,6) (S 137,6,6) (S 29,20,35) (S 59,35,36) (S 26,35,19) (S 4,4,3) (S 5,3,18) (S 56,34,48) (D 0,1,1)
0 1 18 1422 2006 8 (D 0,1,1) (S 87,49,48) (S 56,48,34) (S 54,34,33) (S 52,33,32) (S 150,33,33) (S 111,48,60) (D 0,1,1)
0 1 19 1618 2539 9 (D 0,1,1) (S 159,49,49) (S 55,34,18) (S 24,18,17) (S 1,1,2) (S 135,2,2) (S 17,13,14) (S 158,47,47) (D 0,1,1)
0 1 20 1462 2144 9 (D 0,1,1) (S 155,42,42) (S 77,44,45) (S 81,45,57) (S 108,57,70) (S 132,70,71) (S 133,71,58) (S 85,58,47) (D 0,1,1)
0 1 21 1557 1917 7 (D 0,1,1) (S 77,44,45) (S 156,45,45) (S 78,45,29) (S 49,29,28) (S 148,28,28) (D 0,1,1)
0 1 22 1608 2041 8 (D 0,1,1) (S 80,45,46) (S 157,46,46) (S 83,46,47) (S 84,47,31) (S 51,31,30) (S 50,30,29) (D 0,1,1)
0 1 23 1648 2236 7 (D 0,1,1) (S 131,69,70) (S 169,71,71) (S 164,58,58) (S 109,58,57) (S 19,30,14) (D 0,1,1)
0 1 24 1468 1982 6 (D 0,1,1) (S 82,46,30) (S 149,30,30) (S 18,14,15) (S 142,15,15) (D 0,1,1)
0 1 25 494 914 3 (D 0,1,1) (S 134,1,1) (D 0,1,1)
