16315
8
9714609
5543562
0 1 1 1790 2171 11 (D 0,1,1) (S 34,21,25) (S 36,25,26) (S 38,26,27) (S 48,27,35) (S 49,35,36) (S 51,36,37) (S 50,31,36) (S 43,31,28) (S 41,29,23) (D 0,1,1)
0 1 2 1808 2411 11 (D 0,1,1) (S 29,21,22) (S 31,22,23) (S 24,23,18) (S 23,18,19) (S 26,19,30) (S 52,30,38) (S 40,29,28) (S 18,16,15) (S 7,13,7) (D 0,1,1)
0 1 3 1811 2369 11 (D 0,1,1) (S 28,21,17) (S 19,17,16) (S 17,16,8) (S 8,8,7) (S 6,7,6) (S 4,6,1) (S 1,2,3) (S 10,4,10) (S 14,13,12) (D 0,1,1)
0 1 4 1823 2073 9 (D 0,1,1) (S 27,21,20) (S 33,20,25) (S 35,25,33) (S 46,33,34) (S 37,34,26) (S 47,34,35) (S 39,31,27) (D 0,1,1)
0 1 5 1728 2270 8 (D 0,1,1) (S 21,22,17) (S 20,17,18) (S 12,18,10) (S 25,10,19) (S 3,11,5) (S 11,10,9) (D 0,1,1)
0 1 6 1689 2114 8 (D 0,1,1) (S 21,22,17) (S 39,27,31) (S 32,25,24) (S 53,24,24) (S 44,24,32) (S 45,32,33) (D 0,1,1)
0 1 7 1612 2347 8 (D 0,1,1) (S 15,15,13) (S 16,14,24) (S 12,18,10) (S 13,10,11) (S 2,4,5) (S 9,9,8) (D 0,1,1)
0 1 8 310 560 3 (D 0,1,1) (S 5,12,6) (D 0,1,1)
