21260
11
12413241
7424124
0 1 1 1523 1828 7 (D 0,1,1) (S 57,21,21) (S 28,21,20) (S 27,20,19) (S 24,19,13) (S 52,8,8) (D 0,1,1)
0 1 2 1541 2060 9 (D 0,1,1) (S 10,21,27) (S 34,27,26) (S 37,26,32) (S 61,32,32) (S 13,32,33) (S 38,33,39) (S 20,10,9) (D 0,1,1)
0 1 3 1532 1901 7 (D 0,1,1) (S 55,14,14) (S 25,14,13) (S 9,19,25) (S 36,25,31) (S 59,25,25) (D 0,1,1)
0 1 4 1540 1996 9 (D 0,1,1) (S 5,16,10) (S 21,10,11) (S 6,11,12) (S 54,12,12) (S 23,12,18) (S 8,18,24) (S 11,23,29) (D 0,1,1)
0 1 5 1470 2076 10 (D 0,1,1) (S 29,16,22) (S 58,22,22) (S 30,22,23) (S 30,23,22) (S 31,22,28) (S 35,28,34) (S 39,34,33) (S 40,35,29) (D 0,1,1)
0 1 6 1527 2051 9 (D 0,1,1) (S 26,16,17) (S 7,17,18) (S 56,18,18) (S 33,24,30) (S 42,30,36) (S 14,36,35) (S 16,41,40) (D 0,1,1)
0 1 7 1698 2213 8 (D 0,1,1) (S 4,10,4) (S 2,4,3) (S 3,3,9) (S 51,7,7) (S 17,7,1) (S 18,5,6) (D 0,1,1)
0 1 8 1676 1874 8 (D 0,1,1) (S 38,33,39) (S 44,39,38) (S 43,38,37) (S 60,31,31) (S 12,31,32) (S 44,38,39) (D 0,1,1)
0 1 9 1410 1854 7 (D 0,1,1) (S 50,4,4) (S 22,5,11) (S 53,11,11) (S 18,5,6) (S 49,3,3) (D 0,1,1)
0 1 10 1315 1982 6 (D 0,1,1) (S 1,2,1) (S 48,1,1) (S 15,39,40) (S 62,40,40) (D 0,1,1)
0 1 11 916 1425 5 (D 0,1,1) (S 41,35,41) (S 63,41,41) (S 47,41,42) (D 0,1,1)
