24805
12
10088161
5074439
0 1 1 1698 2165 14 (D 0,1,1) (S 17,1,7) (S 21,7,8) (S 12,8,2) (S 9,2,1) (S 9,1,2) (S 11,2,3) (S 25,3,10) (S 65,10,10) (S 44,10,18) (S 2,18,11) (S 45,18,19) (S 5,18,24) (D 0,1,1)
0 1 2 1531 1986 9 (D 0,1,1) (S 12,2,8) (S 13,8,3) (S 23,3,9) (S 22,9,8) (S 13,8,3) (S 1,4,10) (S 26,10,11) (D 0,1,1)
0 1 3 2026 1998 9 (D 0,1,1) (S 18,7,14) (S 34,14,8) (S 24,9,16) (S 24,16,9) (S 38,16,15) (S 35,15,14) (S 39,15,20) (D 0,1,1)
0 1 4 1836 2133 11 (D 0,1,1) (S 67,14,14) (S 35,14,15) (S 38,15,16) (S 4,16,23) (S 57,23,27) (S 58,27,29) (S 8,29,30) (S 78,30,30) (S 50,20,21) (D 0,1,1)
0 1 5 1675 1939 7 (D 0,1,1) (S 36,14,21) (S 51,21,22) (S 73,22,22) (S 6,22,20) (S 27,17,10) (D 0,1,1)
0 1 6 1661 2027 9 (D 0,1,1) (S 14,4,5) (S 28,5,11) (S 26,11,10) (S 27,10,17) (S 69,17,17) (S 43,17,18) (S 45,18,19) (D 0,1,1)
0 1 7 1682 2072 7 (D 0,1,1) (S 39,15,20) (S 7,21,26) (S 56,26,27) (S 59,29,28) (S 74,23,23) (D 0,1,1)
0 1 8 1525 2173 10 (D 0,1,1) (S 68,16,16) (S 70,18,18) (S 30,11,12) (S 31,12,13) (S 31,13,12) (S 32,12,19) (S 48,19,25) (S 62,25,31) (D 0,1,1)
0 1 9 1444 2224 8 (D 0,1,1) (S 72,21,21) (S 52,23,24) (S 53,24,25) (S 48,25,19) (S 32,19,12) (S 61,31,30) (D 0,1,1)
0 1 10 1691 1971 6 (D 0,1,1) (S 15,5,6) (S 15,6,5) (S 64,6,6) (S 3,13,19) (D 0,1,1)
0 1 11 1430 2098 7 (D 0,1,1) (S 71,19,19) (S 66,12,12) (S 53,25,24) (S 61,30,31) (S 79,31,31) (D 0,1,1)
0 1 12 1501 2019 6 (D 0,1,1) (S 77,29,29) (S 59,29,28) (S 76,28,28) (S 75,25,25) (D 0,1,1)
