132528
11
3454719305
3411787740
0 1 1 8000 9299 50 (D 0,1,1) (S 22,365,364) (S 49,364,390) (S 48,390,279) (S 643,279,279) (S 47,279,389) (S 96,389,264) (S 628,264,264) (S 95,264,432) (S 109,445,446) (S 114,448,417) (S 80,417,41) (S 77,41,415) (S 79,415,376) (S 33,376,375) (S 76,375,414) (S 75,375,413) (S 380,16,16) (S 102,16,437) (S 72,412,39) (S 403,39,39) (S 78,39,416) (S 406,42,42) (S 416,52,52) (S 73,412,40) (S 404,40,40) (S 74,40,402) (S 62,402,35) (S 61,35,401) (S 66,401,409) (S 637,273,273) (S 56,273,396) (S 129,396,429) (S 94,429,431) (S 224,431,508) (S 161,508,509) (S 281,637,638) (S 279,634,635) (S 672,308,308) (S 132,468,470) (S 282,470,639) (S 133,471,472) (S 131,468,469) (S 435,71,71) (S 436,72,72) (S 437,73,73) (S 438,74,74) (S 91,427,428) (S 399,35,35) (D 0,1,1)
0 1 2 8000 13992 101 (D 0,1,1) (S 21,7,356) (S 16,356,357) (S 371,7,7) (S 423,59,59) (S 376,12,12) (S 97,45,348) (S 40,348,382) (S 420,56,56) (S 386,22,22) (S 375,11,11) (S 640,276,276) (S 412,48,48) (S 100,48,435) (S 411,47,47) (S 122,456,457) (S 111,447,410) (S 68,410,358) (S 69,358,281) (S 645,281,281) (S 106,281,442) (S 120,442,454) (S 121,454,455) (S 125,454,461) (S 124,442,460) (S 17,358,359) (S 70,353,346) (S 71,346,411) (S 424,60,60) (S 425,61,61) (S 8,346,347) (S 407,43,43) (S 85,43,420) (S 110,420,64) (S 428,64,64) (S 421,57,57) (S 422,58,58) (S 427,63,63) (S 244,595,596) (S 245,596,526) (S 175,526,527) (S 414,50,50) (S 429,65,65) (S 498,134,134) (S 463,99,99) (S 497,133,133) (S 240,590,591) (S 658,294,294) (S 515,151,151) (S 261,152,91) (S 455,91,91) (S 516,152,152) (S 496,132,132) (S 495,131,131) (S 592,228,228) (S 503,139,139) (S 260,611,610) (S 579,215,215) (S 537,173,173) (S 586,222,222) (S 593,229,229) (S 606,242,242) (S 577,213,213) (S 585,221,221) (S 594,230,230) (S 588,224,224) (S 693,329,329) (S 568,204,204) (S 342,712,202) (S 343,202,713) (S 566,202,202) (S 590,226,226) (S 582,218,218) (S 567,203,203) (S 583,219,219) (S 325,691,692) (S 285,643,644) (S 308,644,166) (S 530,166,166) (S 688,324,324) (S 531,167,167) (S 309,670,671) (S 521,157,157) (S 522,158,158) (S 570,206,206) (S 575,211,211) (S 288,645,646) (S 564,200,200) (S 555,191,191) (S 535,171,171) (S 612,248,248) (S 623,259,259) (S 609,245,245) (S 619,255,255) (S 698,334,334) (S 618,254,254) (S 541,177,177) (S 538,174,174) (S 489,125,125) (S 490,126,126) (D 0,1,1)
0 1 3 8000 12260 91 (D 0,1,1) (S 409,45,45) (S 9,348,349) (S 84,349,419) (S 10,349,350) (S 112,285,27) (S 391,27,27) (S 113,27,417) (S 405,41,41) (S 107,443,444) (S 388,24,24) (S 130,466,467) (S 632,268,268) (S 445,81,81) (S 83,386,287) (S 651,287,287) (S 82,287,418) (S 81,418,404) (S 63,404,403) (S 366,2,2) (S 400,36,36) (S 401,37,37) (S 88,423,44) (S 408,44,44) (S 116,423,38) (S 402,38,38) (S 67,38,355) (S 15,355,339) (S 3,339,338) (S 14,339,4) (S 118,4,451) (S 368,4,4) (S 367,3,3) (S 641,277,277) (S 2,337,336) (S 638,274,274) (S 57,262,397) (S 58,397,398) (S 60,400,5) (S 369,5,5) (S 626,262,262) (S 635,271,271) (S 138,477,478) (S 676,312,312) (S 193,477,109) (S 473,109,109) (S 504,140,140) (S 440,76,76) (S 148,493,93) (S 457,93,93) (S 226,93,575) (S 141,483,482) (S 263,614,613) (S 204,553,86) (S 450,86,86) (S 197,86,548) (S 198,548,549) (S 233,550,583) (S 199,550,112) (S 476,112,112) (S 150,94,496) (S 158,496,505) (S 157,505,504) (S 156,504,503) (S 155,97,96) (S 185,96,106) (S 186,106,506) (S 181,506,534) (S 180,533,104) (S 468,104,104) (S 167,104,516) (S 202,516,552) (S 200,551,524) (S 458,94,94) (S 481,117,117) (S 255,606,573) (S 449,85,85) (S 482,118,118) (S 446,82,82) (S 444,80,80) (S 426,62,62) (S 378,14,14) (S 395,31,31) (S 383,19,19) (S 384,20,20) (S 387,23,23) (S 466,102,102) (S 467,103,103) (S 507,143,143) (S 487,123,123) (D 0,1,1)
0 1 4 7995 15293 72 (D 0,1,1) (S 430,66,66) (S 650,286,286) (S 119,452,453) (S 639,275,275) (S 115,275,287) (S 45,386,387) (S 108,272,51) (S 415,51,51) (S 104,439,440) (S 636,272,272) (S 98,402,433) (S 99,433,434) (S 627,263,263) (S 86,421,360) (S 18,360,361) (S 126,462,463) (S 432,68,68) (S 433,69,69) (S 87,360,422) (S 12,353,352) (S 13,352,354) (S 11,352,351) (S 365,1,1) (S 648,284,284) (S 123,458,459) (S 652,288,288) (S 413,49,49) (S 642,278,278) (S 631,267,267) (S 1,267,67) (S 431,67,67) (S 434,70,70) (S 630,266,266) (S 649,285,285) (S 42,27,383) (S 385,21,21) (S 89,21,424) (S 276,80,631) (S 439,75,75) (S 629,265,265) (S 418,54,54) (S 105,38,441) (S 680,316,316) (S 509,145,145) (S 142,483,87) (S 451,87,87) (S 452,88,88) (S 453,89,89) (S 264,89,615) (S 191,484,543) (S 471,107,107) (S 472,108,108) (S 194,108,545) (S 195,545,302) (S 232,302,582) (S 666,302,302) (S 145,488,487) (S 669,305,305) (S 203,305,114) (S 477,113,113) (S 598,234,234) (S 534,170,170) (S 602,238,238) (S 605,241,241) (S 617,253,253) (S 379,15,15) (S 486,122,122) (S 511,147,147) (S 389,25,25) (S 442,78,78) (D 0,1,1)
0 1 5 7992 12571 60 (D 0,1,1) (S 92,429,428) (S 93,428,430) (S 134,473,425) (S 90,425,426) (S 419,55,55) (S 655,291,291) (S 646,282,282) (S 488,124,124) (S 168,494,517) (S 192,517,544) (S 661,297,297) (S 169,518,519) (S 188,519,539) (S 231,539,581) (S 189,539,540) (S 170,519,520) (S 484,120,120) (S 149,494,495) (S 254,605,301) (S 665,301,301) (S 205,554,555) (S 283,555,640) (S 206,556,304) (S 668,304,304) (S 505,141,141) (S 265,616,617) (S 241,94,592) (S 174,524,525) (S 201,551,552) (S 256,551,606) (S 448,84,84) (S 225,573,574) (S 257,551,515) (S 166,515,516) (S 179,104,532) (S 673,309,309) (S 160,506,507) (S 275,507,98) (S 462,98,98) (S 491,127,127) (S 239,127,126) (S 269,507,622) (S 187,506,538) (S 268,579,318) (S 682,318,318) (S 230,579,580) (S 470,106,106) (S 460,96,96) (S 136,475,476) (S 238,476,589) (S 258,589,607) (S 137,125,476) (S 152,498,499) (S 153,499,500) (S 151,496,497) (S 220,497,501) (S 211,502,562) (S 363,731,732) (D 0,1,1)
0 1 6 7989 10888 53 (D 0,1,1) (S 196,546,547) (S 475,111,111) (S 262,113,612) (S 478,114,114) (S 144,305,486) (S 242,486,593) (S 143,485,484) (S 64,406,405) (S 127,464,465) (S 441,77,77) (S 474,110,110) (S 667,303,303) (S 146,489,490) (S 480,116,116) (S 677,313,313) (S 139,479,293) (S 657,293,293) (S 284,641,642) (S 485,121,121) (S 459,95,95) (S 159,307,505) (S 228,504,576) (S 461,97,97) (S 670,306,306) (S 227,306,119) (S 483,119,119) (S 671,307,307) (S 154,501,502) (S 212,502,563) (S 213,563,564) (S 214,564,565) (S 216,567,568) (S 274,629,630) (S 234,562,584) (S 479,115,115) (S 210,115,561) (S 209,561,560) (S 208,560,559) (S 215,560,566) (S 182,501,535) (S 183,535,536) (S 184,535,537) (S 492,128,128) (S 447,83,83) (S 253,604,603) (S 252,602,601) (S 287,601,474) (S 135,474,292) (S 656,292,292) (S 494,130,130) (S 290,480,648) (D 0,1,1)
0 1 7 7980 11341 59 (D 0,1,1) (S 246,571,597) (S 247,597,598) (S 248,598,557) (S 207,557,558) (S 249,599,529) (S 250,529,530) (S 178,530,531) (S 176,521,528) (S 171,521,298) (S 662,298,298) (S 173,298,523) (S 172,523,522) (S 243,522,594) (S 679,315,315) (S 502,138,138) (S 512,148,148) (S 259,608,609) (S 270,623,624) (S 266,618,619) (S 271,619,625) (S 267,620,621) (S 272,620,626) (S 273,627,628) (S 510,146,146) (S 277,146,632) (S 280,147,636) (S 251,600,449) (S 117,449,450) (S 500,136,136) (S 663,299,299) (S 684,320,320) (S 517,153,153) (S 229,577,578) (S 162,510,100) (S 464,100,100) (S 465,101,101) (S 506,142,142) (S 513,149,149) (S 278,150,633) (S 514,150,150) (S 508,144,144) (S 678,314,314) (S 469,105,105) (S 177,529,511) (S 163,511,102) (S 493,129,129) (S 164,512,513) (S 218,513,569) (S 219,569,570) (S 217,569,512) (S 165,513,514) (S 683,319,319) (S 499,135,135) (S 501,137,137) (S 26,296,368) (S 41,368,23) (S 456,92,92) (D 0,1,1)
0 1 8 7993 10814 45 (D 0,1,1) (S 221,571,541) (S 190,541,542) (S 237,586,588) (S 236,586,587) (S 222,541,492) (S 147,492,491) (S 223,492,572) (S 235,572,585) (S 675,311,311) (S 660,296,296) (S 55,395,385) (S 54,385,393) (S 53,393,20) (S 36,20,19) (S 392,28,28) (S 43,29,384) (S 44,29,385) (S 393,29,29) (S 382,18,18) (S 381,17,17) (S 4,340,341) (S 5,341,342) (S 6,342,343) (S 59,341,399) (S 37,340,367) (S 25,367,368) (S 20,295,363) (S 27,295,9) (S 128,9,369) (S 28,369,10) (S 39,10,381) (S 46,381,388) (S 654,290,290) (S 443,79,79) (S 373,9,9) (S 659,295,295) (S 374,10,10) (S 38,10,367) (S 24,8,366) (S 34,377,378) (S 19,345,362) (S 372,8,8) (S 7,345,344) (D 0,1,1)
0 1 9 7997 14604 74 (D 0,1,1) (S 394,30,30) (S 103,392,438) (S 51,392,32) (S 396,32,32) (S 397,33,33) (S 644,280,280) (S 633,269,269) (S 398,34,34) (S 634,270,270) (S 653,289,289) (S 65,407,408) (S 377,13,13) (S 30,370,371) (S 101,372,436) (S 31,372,373) (S 50,373,391) (S 32,373,374) (S 410,46,46) (S 29,370,344) (S 23,344,366) (S 35,379,380) (S 370,6,6) (S 647,283,283) (S 52,393,394) (S 674,310,310) (S 664,300,300) (S 417,53,53) (S 390,26,26) (S 454,90,90) (S 587,223,223) (S 539,175,175) (S 540,176,176) (S 323,177,178) (S 542,178,178) (S 324,689,690) (S 543,179,179) (S 696,332,332) (S 600,236,236) (S 571,207,207) (S 572,208,208) (S 573,209,209) (S 581,217,217) (S 289,646,647) (S 529,165,165) (S 349,719,720) (S 330,698,699) (S 331,189,700) (S 332,700,190) (S 554,190,190) (S 333,191,701) (S 580,216,216) (S 556,192,192) (S 546,182,182) (S 547,183,183) (S 691,327,327) (S 548,184,184) (S 334,185,194) (S 558,194,194) (S 549,185,185) (S 550,186,186) (S 551,187,187) (S 552,188,188) (S 692,328,328) (S 322,687,688) (S 589,225,225) (S 533,169,169) (S 553,189,189) (S 574,210,210) (S 557,193,193) (S 591,227,227) (S 328,695,694) (S 327,694,693) (D 0,1,1)
0 1 10 7996 11940 67 (D 0,1,1) (S 140,480,481) (S 293,648,652) (S 295,652,654) (S 294,652,653) (S 296,655,656) (S 351,656,650) (S 291,650,649) (S 347,649,717) (S 292,650,651) (S 681,317,317) (S 525,161,161) (S 527,163,163) (S 341,163,711) (S 528,164,164) (S 304,164,665) (S 565,201,201) (S 353,201,723) (S 604,240,240) (S 685,321,321) (S 352,321,722) (S 597,233,233) (S 354,724,235) (S 599,235,235) (S 319,326,170) (S 359,170,728) (S 690,326,326) (S 358,683,680) (S 346,680,716) (S 317,680,681) (S 318,681,682) (S 320,683,684) (S 603,239,239) (S 596,232,232) (S 595,231,231) (S 302,238,663) (S 303,162,664) (S 526,162,162) (S 299,659,660) (S 300,660,661) (S 301,661,662) (S 306,662,667) (S 298,659,658) (S 297,658,657) (S 578,214,214) (S 305,666,234) (S 310,658,672) (S 350,672,721) (S 356,725,673) (S 312,673,675) (S 311,673,674) (S 355,725,241) (S 601,237,237) (S 689,325,325) (S 532,168,168) (S 315,677,678) (S 316,678,679) (S 344,679,714) (S 345,679,715) (S 569,205,205) (S 584,220,220) (S 357,726,727) (S 520,156,156) (S 339,707,708) (S 313,157,676) (S 697,333,333) (D 0,1,1)
0 1 11 3332 9526 49 (D 0,1,1) (S 286,158,159) (S 523,159,159) (S 348,676,718) (S 314,676,668) (S 307,668,669) (S 576,212,212) (S 335,702,703) (S 336,704,195) (S 559,195,195) (S 560,196,196) (S 561,197,197) (S 562,198,198) (S 694,330,330) (S 563,199,199) (S 337,199,705) (S 695,331,331) (S 338,200,706) (S 524,160,160) (S 340,709,710) (S 686,322,322) (S 326,693,180) (S 544,180,180) (S 687,323,323) (S 608,244,244) (S 360,244,335) (S 699,335,335) (S 613,249,249) (S 611,247,247) (S 610,246,246) (S 607,243,243) (S 518,154,154) (S 321,685,686) (S 536,172,172) (S 624,260,260) (S 614,250,250) (S 615,251,251) (S 616,252,252) (S 361,254,729) (S 362,730,731) (S 364,731,733) (S 329,696,697) (S 519,155,155) (S 545,181,181) (S 621,257,257) (S 622,258,258) (S 625,261,261) (S 620,256,256) (D 0,1,1)
