149887
31
4950003096
4903800441
0 1 1 2000 3127 41 (D 0,1,1) (S 2,350,351) (S 252,351,638) (S 251,637,636) (S 455,636,394) (S 37,394,393) (S 36,392,29) (S 515,29,29) (S 276,131,116) (S 602,116,116) (S 175,116,561) (S 249,561,595) (S 206,595,131) (S 617,131,131) (S 791,305,305) (S 176,561,562) (S 246,562,560) (S 174,560,361) (S 11,361,3) (S 489,3,3) (S 3,352,353) (S 247,633,352) (S 792,306,306) (S 10,360,6) (S 492,6,6) (S 827,341,341) (S 250,636,635) (S 224,614,615) (S 173,112,404) (S 45,404,405) (S 483,620,850) (S 770,284,284) (S 768,282,282) (S 830,344,344) (S 533,47,47) (S 507,21,21) (S 632,146,146) (S 625,139,139) (S 659,173,173) (S 628,142,142) (D 0,1,1)
0 1 2 2000 3912 41 (D 0,1,1) (S 225,350,112) (S 598,112,112) (S 44,404,403) (S 521,35,35) (S 774,288,288) (S 96,465,466) (S 599,113,113) (S 456,562,826) (S 760,274,274) (S 439,813,812) (S 438,812,375) (S 19,375,374) (S 18,374,373) (S 499,13,13) (S 306,680,679) (S 305,679,678) (S 457,827,656) (S 277,656,87) (S 573,87,87) (S 331,705,706) (S 655,169,169) (S 302,169,104) (S 303,104,677) (S 304,677,170) (S 656,170,170) (S 370,182,747) (S 668,182,182) (S 327,182,700) (S 272,653,648) (S 262,648,603) (S 213,603,134) (S 214,134,8) (S 215,8,604) (S 216,605,135) (S 621,135,135) (S 236,438,623) (S 237,623,624) (S 73,438,439) (S 634,148,148) (D 0,1,1)
0 1 3 2000 2883 14 (D 0,1,1) (S 46,405,406) (S 788,302,302) (S 47,407,408) (S 242,408,145) (S 631,145,145) (S 241,145,628) (S 389,628,627) (S 172,559,558) (S 357,632,229) (S 715,229,229) (S 654,168,168) (S 767,281,281) (D 0,1,1)
0 1 4 2000 3145 13 (D 0,1,1) (S 232,620,621) (S 480,844,845) (S 97,467,344) (S 335,184,709) (S 336,184,146) (S 314,173,558) (S 397,559,514) (S 346,168,108) (S 496,10,10) (S 671,185,185) (S 751,265,265) (D 0,1,1)
0 1 5 2000 3733 49 (D 0,1,1) (S 298,674,675) (S 299,675,385) (S 26,385,386) (S 29,386,18) (S 459,18,382) (S 24,382,383) (S 25,383,384) (S 27,386,14) (S 500,14,14) (S 387,15,768) (S 501,15,15) (S 28,387,16) (S 502,16,16) (S 503,17,17) (S 92,17,461) (S 93,461,69) (S 94,69,462) (S 555,69,69) (S 52,415,414) (S 51,414,413) (S 105,413,76) (S 170,76,557) (S 279,557,124) (S 198,124,589) (S 197,589,588) (S 341,715,683) (S 437,683,811) (S 436,811,423) (S 435,423,810) (S 434,809,74) (S 433,74,478) (S 109,478,477) (S 568,82,82) (S 432,808,172) (S 312,172,686) (S 490,4,4) (S 5,4,5) (S 6,5,356) (S 522,36,36) (S 685,199,199) (S 420,199,800) (S 419,800,111) (S 597,111,111) (S 596,110,110) (S 595,109,109) (S 491,5,5) (S 801,315,315) (D 0,1,1)
0 1 6 2000 4803 50 (D 0,1,1) (S 440,814,685) (S 311,685,675) (S 819,333,333) (S 159,544,80) (S 566,80,80) (S 504,18,18) (S 713,227,227) (S 574,88,88) (S 112,88,483) (S 300,483,676) (S 319,676,692) (S 458,382,828) (S 149,531,532) (S 320,676,693) (S 460,448,521) (S 141,521,449) (S 140,449,520) (S 139,519,298) (S 784,298,298) (S 81,449,448) (S 156,541,104) (S 590,104,104) (S 461,541,829) (S 700,214,214) (S 352,214,728) (S 699,213,213) (S 701,215,215) (S 83,60,451) (S 547,61,61) (S 750,264,264) (S 546,60,60) (S 82,60,450) (S 749,263,263) (S 301,483,169) (S 799,313,313) (S 326,313,653) (S 263,648,151) (S 637,151,151) (S 264,151,649) (S 265,649,152) (S 638,152,152) (S 266,152,650) (S 639,153,153) (S 267,153,651) (S 20,377,376) (S 708,222,222) (S 758,272,272) (S 744,258,258) (D 0,1,1)
0 1 7 2000 4658 52 (D 0,1,1) (S 616,130,130) (S 239,130,627) (S 240,627,616) (S 227,616,617) (S 612,126,126) (S 201,126,125) (S 611,125,125) (S 307,681,126) (S 273,34,654) (S 520,34,34) (S 274,34,7) (S 493,7,7) (S 275,7,655) (S 310,655,684) (S 309,684,683) (S 441,816,815) (S 757,271,271) (S 657,171,171) (S 43,402,34) (S 308,424,682) (S 60,424,423) (S 199,73,590) (S 559,73,73) (S 104,73,400) (S 315,400,689) (S 42,400,401) (S 560,74,74) (S 561,75,75) (S 171,76,83) (S 569,83,83) (S 562,76,76) (S 169,557,556) (S 592,106,106) (S 787,301,301) (S 591,105,105) (S 160,105,545) (S 805,319,319) (S 161,105,546) (S 162,546,547) (S 163,547,548) (S 610,124,124) (S 528,42,42) (S 144,434,470) (S 99,470,469) (S 98,469,468) (S 431,469,4) (S 516,30,30) (S 584,98,98) (S 579,93,93) (S 761,275,275) (D 0,1,1)
0 1 8 2000 3049 17 (D 0,1,1) (S 59,47,422) (S 471,837,838) (S 470,837,836) (S 469,836,835) (S 468,834,142) (S 231,142,619) (S 624,138,138) (S 321,138,694) (S 148,529,530) (S 136,514,513) (S 766,280,280) (S 572,86,86) (S 765,279,279) (S 339,713,10) (S 618,132,132) (D 0,1,1)
0 1 9 2000 3054 12 (D 0,1,1) (S 777,291,291) (S 778,292,292) (S 670,184,184) (S 472,184,529) (S 473,529,839) (S 226,139,138) (S 322,695,696) (S 475,841,86) (S 769,283,283) (S 661,175,175) (D 0,1,1)
0 1 10 2000 5502 49 (D 0,1,1) (S 211,601,133) (S 212,133,602) (S 217,602,603) (S 261,603,647) (S 636,150,150) (S 260,150,149) (S 635,149,149) (S 259,646,601) (S 619,133,133) (S 642,156,156) (S 643,157,157) (S 278,157,657) (S 644,158,158) (S 796,310,310) (S 200,592,591) (S 818,332,332) (S 620,134,134) (S 494,8,8) (S 12,362,363) (S 802,316,316) (S 347,720,721) (S 202,593,43) (S 158,43,543) (S 157,543,542) (S 234,542,593) (S 833,347,347) (S 235,347,346) (S 832,346,346) (S 269,623,376) (S 268,376,651) (S 21,377,378) (S 22,378,379) (S 188,379,580) (S 190,580,582) (S 23,380,381) (S 606,120,120) (S 607,121,121) (S 189,121,581) (S 334,183,708) (S 669,183,183) (S 295,671,167) (S 653,167,167) (S 448,820,821) (S 737,251,251) (S 345,717,719) (S 377,719,754) (S 705,219,219) (D 0,1,1)
0 1 11 2000 4243 41 (D 0,1,1) (S 147,529,528) (S 474,173,840) (S 243,630,629) (S 244,631,632) (S 245,632,290) (S 391,290,773) (S 776,290,290) (S 498,12,12) (S 356,369,734) (S 16,369,370) (S 65,315,33) (S 519,33,33) (S 40,33,398) (S 41,398,399) (S 333,707,600) (S 332,600,107) (S 593,107,107) (S 210,600,372) (S 518,32,32) (S 38,395,396) (S 230,468,340) (S 826,340,340) (S 430,340,469) (S 143,470,435) (S 69,435,53) (S 539,53,53) (S 68,53,434) (S 605,119,119) (S 142,523,522) (S 282,522,660) (S 785,299,299) (S 429,807,563) (S 428,563,498) (S 126,498,499) (S 427,806,805) (S 76,442,441) (S 328,701,702) (S 717,231,231) (S 292,314,551) (D 0,1,1)
0 1 12 2000 5981 43 (D 0,1,1) (S 831,345,345) (S 482,849,848) (S 814,328,328) (S 313,687,688) (S 95,464,463) (S 442,463,190) (S 443,190,234) (S 720,234,234) (S 137,515,516) (S 317,691,690) (S 444,690,817) (S 183,571,572) (S 445,571,216) (S 702,216,216) (S 446,216,9) (S 495,9,9) (S 447,818,819) (S 742,256,256) (S 738,252,252) (S 367,252,744) (S 630,144,144) (S 179,117,566) (S 603,117,117) (S 233,143,622) (S 629,143,143) (S 449,822,770) (S 388,770,769) (S 748,262,262) (S 450,823,187) (S 673,187,187) (S 343,718,716) (S 342,716,717) (S 344,719,260) (S 746,260,260) (S 674,188,188) (S 743,257,257) (S 703,217,217) (S 451,729,452) (S 548,62,62) (S 728,242,242) (S 580,94,94) (D 0,1,1)
0 1 13 2000 4248 51 (D 0,1,1) (S 714,228,228) (S 829,343,343) (S 476,343,842) (S 477,842,697) (S 478,697,577) (S 186,577,578) (S 297,578,673) (S 323,673,697) (S 296,673,672) (S 168,108,555) (S 594,108,108) (S 185,576,575) (S 466,575,833) (S 467,833,279) (S 511,25,25) (S 34,25,391) (S 187,391,579) (S 517,31,31) (S 39,31,397) (S 340,397,714) (S 338,713,712) (S 764,278,278) (S 479,278,843) (S 100,471,11) (S 497,11,11) (S 101,11,472) (S 465,471,549) (S 164,549,289) (S 775,289,289) (S 165,289,550) (S 804,318,318) (S 578,92,92) (S 293,166,551) (S 166,551,552) (S 652,166,166) (S 716,230,230) (S 396,779,778) (S 395,777,247) (S 733,247,247) (S 732,246,246) (S 350,725,724) (S 394,724,710) (S 337,710,711) (S 132,507,506) (S 131,505,24) (S 130,24,504) (S 316,504,390) (S 33,390,23) (S 509,23,23) (D 0,1,1)
0 1 14 2000 4650 34 (D 0,1,1) (S 613,127,127) (S 658,172,172) (S 177,563,564) (S 178,564,565) (S 62,427,48) (S 534,48,48) (S 63,428,429) (S 361,429,725) (S 556,70,70) (S 803,317,317) (S 372,317,255) (S 741,255,255) (S 330,255,704) (S 371,703,254) (S 740,254,254) (S 329,703,504) (S 800,314,314) (S 32,390,389) (S 510,24,24) (S 133,508,509) (S 134,510,511) (S 318,511,49) (S 535,49,49) (S 135,511,512) (S 585,99,99) (S 390,771,772) (S 152,537,536) (S 589,103,103) (S 258,22,645) (S 424,645,201) (S 687,201,201) (S 1,348,349) (D 0,1,1)
0 1 15 2000 5405 25 (D 0,1,1) (S 17,371,372) (S 811,325,325) (S 822,336,336) (S 4,354,355) (S 122,491,492) (S 398,132,780) (S 115,485,486) (S 399,485,781) (S 400,781,782) (S 582,96,96) (S 401,783,626) (S 238,626,625) (S 640,154,154) (S 184,574,573) (S 402,573,147) (S 633,147,147) (S 824,338,338) (S 712,226,226) (S 739,253,253) (S 762,276,276) (S 553,67,67) (S 571,85,85) (S 615,129,129) (D 0,1,1)
0 1 16 2000 5748 10 (D 0,1,1) (S 676,190,190) (S 721,235,235) (S 481,847,846) (S 773,287,287) (S 294,167,670) (S 270,623,484) (S 709,223,223) (S 577,91,91) (D 0,1,1)
0 1 17 2000 4938 41 (D 0,1,1) (S 686,200,200) (S 7,200,357) (S 8,357,358) (S 9,358,359) (S 366,359,618) (S 229,618,141) (S 627,141,141) (S 423,348,1) (S 487,1,1) (S 422,801,661) (S 421,661,200) (S 283,661,662) (S 284,663,349) (S 285,349,490) (S 120,490,54) (S 540,54,54) (S 66,431,50) (S 536,50,50) (S 80,447,312) (S 798,312,312) (S 324,180,698) (S 325,698,699) (S 538,52,52) (S 67,432,433) (S 72,51,437) (S 71,437,56) (S 542,56,56) (S 70,436,55) (S 541,55,55) (S 121,437,431) (S 537,51,51) (S 666,180,180) (S 795,309,309) (S 645,159,159) (S 287,664,665) (S 755,269,269) (S 604,118,118) (S 180,118,567) (S 181,568,569) (D 0,1,1)
0 1 18 2000 6375 19 (D 0,1,1) (S 207,132,596) (S 462,830,122) (S 192,122,114) (S 600,114,114) (S 608,122,122) (S 360,739,738) (S 123,94,493) (S 124,494,495) (S 49,410,174) (S 463,174,831) (S 129,503,425) (S 650,164,164) (S 550,64,64) (S 413,796,797) (S 724,238,238) (S 771,285,285) (S 523,37,37) (D 0,1,1)
0 1 19 1998 5103 18 (D 0,1,1) (S 828,342,342) (S 138,518,517) (S 660,174,174) (S 464,832,659) (S 281,659,597) (S 61,425,426) (S 583,97,97) (S 410,794,574) (S 411,574,795) (S 108,476,81) (S 567,81,81) (S 107,81,475) (S 255,641,642) (S 30,367,19) (S 506,20,20) (S 525,39,39) (D 0,1,1)
0 1 20 1996 5556 36 (D 0,1,1) (S 228,439,543) (S 529,43,43) (S 114,296,57) (S 113,57,484) (S 271,484,652) (S 779,293,293) (S 544,58,58) (S 543,57,57) (S 75,57,440) (S 782,296,296) (S 74,294,439) (S 780,294,294) (S 821,335,335) (S 820,334,334) (S 810,324,324) (S 704,218,218) (S 718,232,232) (S 759,273,273) (S 817,331,331) (S 734,248,248) (S 364,249,742) (S 736,250,250) (S 735,249,249) (S 353,729,730) (S 84,452,453) (S 452,223,824) (S 453,824,102) (S 454,102,825) (S 191,583,584) (S 665,179,179) (S 809,323,323) (S 588,102,102) (S 222,611,612) (S 664,178,178) (D 0,1,1)
0 1 21 1997 4526 19 (D 0,1,1) (S 256,564,307) (S 793,307,307) (S 64,307,430) (S 586,100,100) (S 167,553,554) (S 257,643,644) (S 719,233,233) (S 626,140,140) (S 425,322,802) (S 786,300,300) (S 150,534,533) (S 808,322,322) (S 31,22,388) (S 508,22,22) (S 286,309,159) (S 756,270,270) (S 426,804,803) (D 0,1,1)
0 1 22 1996 4233 9 (D 0,1,1) (S 601,115,115) (S 726,240,240) (S 280,597,658) (S 209,598,599) (S 15,368,367) (S 14,367,366) (S 368,745,253) (D 0,1,1)
0 1 23 1997 5734 23 (D 0,1,1) (S 813,327,327) (S 48,37,409) (S 117,409,89) (S 575,89,89) (S 118,488,297) (S 783,297,297) (S 358,409,735) (S 116,487,37) (S 524,38,38) (S 384,764,500) (S 127,500,501) (S 128,501,502) (S 386,766,767) (S 385,765,365) (S 13,365,364) (S 349,364,722) (S 348,722,723) (S 707,221,221) (S 794,308,308) (S 486,855,286) (S 772,286,286) (D 0,1,1)
0 1 24 1998 6451 12 (D 0,1,1) (S 369,180,746) (S 484,852,851) (S 815,329,329) (S 182,568,570) (S 789,303,303) (S 485,853,854) (S 151,535,308) (S 812,326,326) (S 254,640,641) (S 641,155,155) (D 0,1,1)
0 1 25 1996 5168 39 (D 0,1,1) (S 823,337,337) (S 248,147,634) (S 403,784,785) (S 414,785,277) (S 763,277,277) (S 825,339,339) (S 581,95,95) (S 684,198,198) (S 415,456,455) (S 416,455,798) (S 417,799,90) (S 576,90,90) (S 110,480,479) (S 35,26,27) (S 513,27,27) (S 195,123,489) (S 194,489,587) (S 193,586,585) (S 362,740,129) (S 111,482,481) (S 119,481,489) (S 196,123,26) (S 512,26,26) (S 609,123,123) (S 514,28,28) (S 570,84,84) (S 373,748,749) (S 374,749,750) (S 376,752,753) (S 375,752,751) (S 745,259,259) (S 393,776,775) (S 706,220,220) (S 392,220,774) (S 407,790,791) (S 409,793,266) (S 646,160,160) (D 0,1,1)
0 1 26 1999 4410 13 (D 0,1,1) (S 208,597,598) (S 363,598,741) (S 505,19,19) (S 672,186,186) (S 404,165,786) (S 405,786,787) (S 351,726,727) (S 125,496,497) (S 554,68,68) (S 90,68,67) (S 651,165,165) (D 0,1,1)
0 1 27 1997 4884 13 (D 0,1,1) (S 153,537,535) (S 291,668,669) (S 87,456,457) (S 88,66,458) (S 89,458,459) (S 91,460,321) (S 807,321,321) (S 218,606,607) (S 797,311,311) (S 406,788,789) (S 683,197,197) (D 0,1,1)
0 1 28 1996 5190 11 (D 0,1,1) (S 155,540,539) (S 552,66,66) (S 711,225,225) (S 102,72,473) (S 558,72,72) (S 103,72,454) (S 86,454,455) (S 488,2,2) (S 790,304,304) (D 0,1,1)
0 1 29 1997 5226 8 (D 0,1,1) (S 154,538,539) (S 557,71,71) (S 682,196,196) (S 681,195,195) (S 408,793,792) (S 531,45,45) (D 0,1,1)
0 1 30 2000 5240 43 (D 0,1,1) (S 380,759,757) (S 379,757,758) (S 382,762,763) (S 383,763,261) (S 747,261,261) (S 752,266,266) (S 753,267,267) (S 412,267,160) (S 678,192,192) (S 680,194,194) (S 679,193,193) (S 725,239,239) (S 722,236,236) (S 146,527,526) (S 587,101,101) (S 145,525,524) (S 289,524,667) (S 290,667,416) (S 53,416,417) (S 54,417,418) (S 55,418,419) (S 56,419,420) (S 57,44,421) (S 58,421,46) (S 532,46,46) (S 204,46,446) (S 203,446,421) (S 530,44,44) (S 754,268,268) (S 677,191,191) (S 205,128,594) (S 614,128,128) (S 79,446,445) (S 78,444,443) (S 77,443,417) (S 418,59,639) (S 253,639,77) (S 563,77,77) (S 564,78,78) (S 565,79,79) (S 649,163,163) (D 0,1,1)
0 1 31 1770 8712 49 (D 0,1,1) (S 378,755,756) (S 381,760,761) (S 647,161,161) (S 648,162,162) (S 354,411,731) (S 50,411,412) (S 526,40,40) (S 527,41,41) (S 220,41,608) (S 623,137,137) (S 365,609,743) (S 221,609,610) (S 219,41,136) (S 622,136,136) (S 288,524,666) (S 781,295,295) (S 355,732,733) (S 223,79,613) (S 106,79,474) (S 545,59,59) (S 675,189,189) (S 806,320,320) (S 549,63,63) (S 85,64,65) (S 551,65,65) (S 710,224,224) (S 816,330,330) (S 723,237,237) (S 690,204,204) (S 667,181,181) (S 727,241,241) (S 691,205,205) (S 692,206,206) (S 729,243,243) (S 693,207,207) (S 694,208,208) (S 695,209,209) (S 696,210,210) (S 730,244,244) (S 731,245,245) (S 697,211,211) (S 698,212,212) (S 359,736,737) (S 689,203,203) (S 662,176,176) (S 663,177,177) (S 688,202,202) (D 0,1,1)
