298
11
8388675
1383023
0 1 1 27 29 6 (D 0,1,1) (S 2,1,8) (S 37,8,8) (S 10,8,5) (S 21,5,10) (D 0,1,1)
0 1 2 27 29 6 (D 0,1,1) (S 16,1,10) (S 30,10,7) (S 36,7,7) (S 11,7,6) (D 0,1,1)
0 1 3 27 28 8 (D 0,1,1) (S 15,1,6) (S 35,6,6) (S 20,6,3) (S 1,3,11) (S 18,11,6) (S 27,6,4) (D 0,1,1)
0 1 4 26 29 9 (D 0,1,1) (S 14,1,5) (S 4,5,2) (S 3,2,3) (S 28,3,1) (S 25,1,9) (S 29,9,4) (S 22,4,5) (D 0,1,1)
0 1 5 27 31 7 (D 0,1,1) (S 26,1,7) (S 12,7,11) (S 39,11,11) (S 19,11,10) (S 13,3,7) (D 0,1,1)
0 1 6 27 33 8 (D 0,1,1) (S 8,1,2) (S 24,6,9) (S 23,9,5) (S 7,5,6) (S 9,4,3) (S 34,5,5) (D 0,1,1)
0 1 7 24 26 3 (D 0,1,1) (S 31,2,2) (D 0,1,1)
0 1 8 25 27 3 (D 0,1,1) (S 33,4,4) (D 0,1,1)
0 1 9 20 24 4 (D 0,1,1) (S 17,8,3) (S 32,3,3) (D 0,1,1)
0 1 10 16 18 4 (D 0,1,1) (S 5,4,10) (S 6,10,8) (D 0,1,1)
0 1 11 20 24 3 (D 0,1,1) (S 38,9,9) (D 0,1,1)
