237
8
6290962
1428644
0 1 1 27 30 7 (D 0,1,1) (S 8,1,10) (S 25,10,5) (S 15,5,11) (S 22,11,2) (S 21,7,10) (D 0,1,1)
0 1 2 27 32 9 (D 0,1,1) (S 24,1,6) (S 3,6,8) (S 32,8,8) (S 5,8,5) (S 6,5,7) (S 17,3,4) (S 29,5,5) (D 0,1,1)
0 1 3 27 29 5 (D 0,1,1) (S 10,1,3) (S 27,3,3) (S 7,3,2) (D 0,1,1)
0 1 4 27 30 7 (D 0,1,1) (S 20,1,7) (S 2,7,4) (S 23,4,11) (S 18,11,1) (S 4,7,9) (D 0,1,1)
0 1 5 25 28 5 (D 0,1,1) (S 14,1,8) (S 26,2,2) (S 16,2,9) (D 0,1,1)
0 1 6 27 30 7 (D 0,1,1) (S 31,7,7) (S 11,7,3) (S 9,3,10) (S 12,10,9) (S 33,9,9) (D 0,1,1)
0 1 7 25 34 6 (D 0,1,1) (S 30,6,6) (S 19,5,2) (S 13,4,5) (S 1,4,9) (D 0,1,1)
0 1 8 20 24 3 (D 0,1,1) (S 28,4,4) (D 0,1,1)
