360
7
4544636
759388
0 1 1 39 48 7 (D 0,1,1) (S 18,1,6) (S 19,6,3) (S 2,3,8) (S 25,8,8) (S 1,8,10) (D 0,1,1)
0 1 2 41 50 9 (D 0,1,1) (S 15,1,5) (S 23,5,5) (S 20,5,7) (S 3,7,6) (S 16,6,9) (S 13,9,10) (S 24,7,7) (D 0,1,1)
0 1 3 37 57 6 (D 0,1,1) (S 4,1,4) (S 22,4,4) (S 8,4,2) (S 11,2,8) (D 0,1,1)
0 1 4 38 55 6 (D 0,1,1) (S 5,1,7) (S 6,7,8) (S 14,2,3) (S 7,3,7) (D 0,1,1)
0 1 5 40 47 5 (D 0,1,1) (S 9,1,3) (S 12,6,5) (S 17,5,4) (D 0,1,1)
0 1 6 34 65 4 (D 0,1,1) (S 10,7,10) (S 21,2,2) (D 0,1,1)
0 1 7 16 38 3 (D 0,1,1) (S 26,9,9) (D 0,1,1)
