541
10
8985228
3602135
0 1 1 27 36 9 (D 0,1,1) (S 6,1,15) (S 25,15,17) (S 21,17,16) (S 1,14,13) (S 3,13,12) (S 15,12,2) (S 16,2,1) (D 0,1,1)
0 1 2 27 47 7 (D 0,1,1) (S 28,1,27) (S 20,27,26) (S 29,26,23) (S 14,23,24) (S 23,22,25) (D 0,1,1)
0 1 3 27 57 8 (D 0,1,1) (S 17,1,19) (S 36,17,17) (S 35,15,15) (S 22,15,13) (S 2,21,22) (S 27,25,26) (D 0,1,1)
0 1 4 27 57 6 (D 0,1,1) (S 38,24,24) (S 9,23,22) (S 13,25,18) (S 8,21,25) (D 0,1,1)
0 1 5 27 45 5 (D 0,1,1) (S 30,3,3) (S 4,3,8) (S 12,8,6) (D 0,1,1)
0 1 6 26 63 7 (D 0,1,1) (S 11,6,5) (S 32,5,5) (S 5,4,10) (S 7,10,11) (S 10,9,8) (D 0,1,1)
0 1 7 25 57 4 (D 0,1,1) (S 33,6,6) (S 19,7,11) (D 0,1,1)
0 1 8 22 48 4 (D 0,1,1) (S 34,14,14) (S 26,14,18) (D 0,1,1)
0 1 9 27 85 4 (D 0,1,1) (S 31,4,4) (S 18,18,21) (D 0,1,1)
0 1 10 14 46 4 (D 0,1,1) (S 24,20,21) (S 37,21,21) (D 0,1,1)
