303
11
5984565
1219113
0 1 1 27 28 7 (D 0,1,1) (S 24,1,4) (S 27,4,2) (S 25,2,1) (S 26,1,5) (S 23,5,4) (D 0,1,1)
0 1 2 27 29 8 (D 0,1,1) (S 32,1,3) (S 37,3,3) (S 6,3,8) (S 42,8,8) (S 7,8,5) (S 1,5,10) (D 0,1,1)
0 1 3 27 29 7 (D 0,1,1) (S 12,1,10) (S 35,10,2) (S 22,2,8) (S 29,8,4) (S 19,4,9) (D 0,1,1)
0 1 4 26 29 9 (D 0,1,1) (S 20,11,5) (S 9,5,7) (S 2,7,11) (S 44,11,11) (S 33,11,8) (S 15,8,10) (S 17,10,7) (D 0,1,1)
0 1 5 27 31 7 (D 0,1,1) (S 21,4,3) (S 31,3,7) (S 41,7,7) (S 18,7,2) (S 34,6,9) (D 0,1,1)
0 1 6 26 31 7 (D 0,1,1) (S 28,2,6) (S 5,6,10) (S 11,10,4) (S 38,4,4) (S 8,6,5) (D 0,1,1)
0 1 7 26 28 6 (D 0,1,1) (S 30,4,11) (S 4,11,10) (S 10,10,3) (S 16,3,2) (D 0,1,1)
0 1 8 23 25 3 (D 0,1,1) (S 36,2,2) (D 0,1,1)
0 1 9 26 34 6 (D 0,1,1) (S 13,8,9) (S 3,9,10) (S 39,5,5) (S 14,7,9) (D 0,1,1)
0 1 10 24 28 3 (D 0,1,1) (S 40,6,6) (D 0,1,1)
0 1 11 7 11 3 (D 0,1,1) (S 43,9,9) (D 0,1,1)
