481
10
8390068
3648718
0 1 1 27 35 8 (D 0,1,1) (S 33,1,17) (S 18,17,15) (S 21,15,1) (S 22,1,24) (S 28,8,9) (S 20,4,19) (D 0,1,1)
0 1 2 27 36 8 (D 0,1,1) (S 1,1,3) (S 27,3,6) (S 30,6,9) (S 12,9,5) (S 11,4,12) (S 34,12,13) (D 0,1,1)
0 1 3 27 36 8 (D 0,1,1) (S 10,1,19) (S 31,19,12) (S 2,12,2) (S 39,2,2) (S 40,4,4) (S 8,4,3) (D 0,1,1)
0 1 4 27 49 8 (D 0,1,1) (S 17,1,27) (S 14,27,24) (S 3,8,3) (S 36,6,8) (S 37,26,25) (S 5,14,13) (D 0,1,1)
0 1 5 27 35 5 (D 0,1,1) (S 24,4,5) (S 19,5,6) (S 13,6,4) (D 0,1,1)
0 1 6 27 86 7 (D 0,1,1) (S 43,10,10) (S 41,6,6) (S 15,7,11) (S 42,8,8) (S 45,16,16) (D 0,1,1)
0 1 7 26 46 6 (D 0,1,1) (S 38,13,15) (S 6,15,20) (S 23,20,21) (S 25,21,18) (D 0,1,1)
0 1 8 27 54 7 (D 0,1,1) (S 47,26,26) (S 26,23,22) (S 29,22,25) (S 32,25,18) (S 16,21,22) (D 0,1,1)
0 1 9 24 54 6 (D 0,1,1) (S 7,23,21) (S 9,21,25) (S 35,18,14) (S 4,14,20) (D 0,1,1)
0 1 10 19 50 4 (D 0,1,1) (S 44,14,14) (S 46,23,23) (D 0,1,1)
