181
6
4595955
895696
0 1 1 27 33 10 (D 0,1,1) (S 24,1,5) (S 21,5,2) (S 25,2,2) (S 20,2,9) (S 4,9,7) (S 28,7,7) (S 7,7,4) (S 17,2,6) (D 0,1,1)
0 1 2 27 34 8 (D 0,1,1) (S 5,1,9) (S 30,9,9) (S 23,9,4) (S 2,3,6) (S 15,6,11) (S 8,1,7) (D 0,1,1)
0 1 3 26 28 8 (D 0,1,1) (S 9,1,10) (S 1,10,3) (S 26,3,3) (S 22,3,5) (S 11,5,7) (S 13,7,8) (D 0,1,1)
0 1 4 24 25 6 (D 0,1,1) (S 16,1,8) (S 29,8,8) (S 10,8,4) (S 6,4,2) (D 0,1,1)
0 1 5 26 29 6 (D 0,1,1) (S 14,1,6) (S 3,6,10) (S 19,10,7) (S 31,11,11) (D 0,1,1)
0 1 6 24 32 5 (D 0,1,1) (S 18,2,3) (S 12,3,11) (S 27,6,6) (D 0,1,1)
