364
7
4241457
733562
0 1 1 38 45 9 (D 0,1,1) (S 2,1,6) (S 23,6,6) (S 18,6,3) (S 16,3,8) (S 8,8,9) (S 1,9,7) (S 3,7,5) (D 0,1,1)
0 1 2 39 52 8 (D 0,1,1) (S 17,1,4) (S 7,4,2) (S 4,2,5) (S 5,5,9) (S 13,9,10) (S 14,7,3) (D 0,1,1)
0 1 3 37 52 5 (D 0,1,1) (S 6,1,9) (S 9,1,8) (S 11,8,7) (D 0,1,1)
0 1 4 35 59 5 (D 0,1,1) (S 24,7,7) (S 10,7,10) (S 12,10,8) (D 0,1,1)
0 1 5 33 50 4 (D 0,1,1) (S 21,4,4) (S 15,2,3) (D 0,1,1)
0 1 6 37 62 4 (D 0,1,1) (S 22,5,5) (S 20,3,3) (D 0,1,1)
0 1 7 26 44 3 (D 0,1,1) (S 19,2,2) (D 0,1,1)
