240
9
7085722
1958262
0 1 1 27 29 7 (D 0,1,1) (S 20,1,11) (S 31,11,11) (S 3,11,5) (S 15,5,8) (S 11,1,3) (D 0,1,1)
0 1 2 27 31 8 (D 0,1,1) (S 17,1,6) (S 26,6,6) (S 21,6,8) (S 2,8,4) (S 4,4,5) (S 1,7,10) (D 0,1,1)
0 1 3 27 31 6 (D 0,1,1) (S 28,8,8) (S 18,5,10) (S 30,10,10) (S 6,10,4) (D 0,1,1)
0 1 4 26 32 8 (D 0,1,1) (S 27,7,7) (S 8,7,6) (S 14,6,10) (S 19,10,9) (S 9,4,3) (S 5,2,11) (D 0,1,1)
0 1 5 25 30 6 (D 0,1,1) (S 25,5,5) (S 16,3,9) (S 29,9,9) (S 13,9,4) (D 0,1,1)
0 1 6 23 26 5 (D 0,1,1) (S 23,3,3) (S 10,3,2) (S 7,2,4) (D 0,1,1)
0 1 7 9 12 3 (D 0,1,1) (S 12,3,11) (D 0,1,1)
0 1 8 20 24 3 (D 0,1,1) (S 24,4,4) (D 0,1,1)
0 1 9 21 25 3 (D 0,1,1) (S 22,2,2) (D 0,1,1)
