371
7
4635804
1053982
0 1 1 39 50 7 (D 0,1,1) (S 17,1,3) (S 10,3,6) (S 22,6,6) (S 4,6,7) (S 2,7,9) (D 0,1,1)
0 1 2 41 72 6 (D 0,1,1) (S 14,1,7) (S 3,7,8) (S 5,8,9) (S 13,1,8) (D 0,1,1)
0 1 3 41 49 7 (D 0,1,1) (S 12,1,4) (S 11,4,5) (S 1,5,7) (S 15,7,3) (S 19,3,3) (D 0,1,1)
0 1 4 37 45 5 (D 0,1,1) (S 8,1,2) (S 18,2,2) (S 9,2,3) (D 0,1,1)
0 1 5 38 69 6 (D 0,1,1) (S 23,7,7) (S 16,10,8) (S 7,2,5) (S 6,5,6) (D 0,1,1)
0 1 6 28 43 4 (D 0,1,1) (S 20,4,4) (S 21,5,5) (D 0,1,1)
0 1 7 21 43 3 (D 0,1,1) (S 24,9,9) (D 0,1,1)
