236
8
9986263
2697781
0 1 1 27 30 9 (D 0,1,1) (S 2,1,4) (S 15,4,3) (S 34,3,3) (S 5,3,2) (S 1,2,7) (S 38,7,7) (S 30,2,11) (D 0,1,1)
0 1 2 27 30 9 (D 0,1,1) (S 31,1,9) (S 21,9,7) (S 23,7,1) (S 28,1,5) (S 36,5,5) (S 8,5,7) (S 27,11,9) (D 0,1,1)
0 1 3 27 33 7 (D 0,1,1) (S 25,1,10) (S 17,10,3) (S 11,3,11) (S 24,2,8) (S 26,6,9) (D 0,1,1)
0 1 4 27 30 8 (D 0,1,1) (S 20,1,11) (S 22,11,5) (S 16,5,8) (S 19,8,1) (S 18,1,3) (S 9,10,4) (D 0,1,1)
0 1 5 25 27 5 (D 0,1,1) (S 4,1,2) (S 33,2,2) (S 29,2,9) (D 0,1,1)
0 1 6 25 28 6 (D 0,1,1) (S 37,6,6) (S 7,6,8) (S 6,8,4) (S 13,4,9) (D 0,1,1)
0 1 7 27 32 6 (D 0,1,1) (S 32,7,4) (S 12,4,6) (S 10,8,9) (S 3,9,10) (D 0,1,1)
0 1 8 20 26 4 (D 0,1,1) (S 14,7,11) (S 35,4,4) (D 0,1,1)
