438
10
10836677
3671584
0 1 1 27 34 7 (D 0,1,1) (S 28,1,2) (S 2,2,12) (S 23,12,4) (S 33,4,4) (S 31,4,3) (D 0,1,1)
0 1 2 27 39 9 (D 0,1,1) (S 4,1,24) (S 17,24,27) (S 45,27,27) (S 21,27,26) (S 27,26,23) (S 30,22,21) (S 3,14,13) (D 0,1,1)
0 1 3 27 29 6 (D 0,1,1) (S 5,1,17) (S 32,17,15) (S 9,15,1) (S 41,19,19) (D 0,1,1)
0 1 4 27 38 6 (D 0,1,1) (S 14,1,3) (S 7,3,6) (S 35,6,6) (S 16,12,13) (D 0,1,1)
0 1 5 27 33 7 (D 0,1,1) (S 15,19,12) (S 6,4,10) (S 38,10,10) (S 22,10,6) (S 24,6,4) (D 0,1,1)
0 1 6 27 50 7 (D 0,1,1) (S 13,24,23) (S 26,23,22) (S 8,22,25) (S 25,25,18) (S 44,25,25) (D 0,1,1)
0 1 7 27 51 6 (D 0,1,1) (S 34,5,5) (S 11,5,6) (S 36,7,7) (S 1,3,8) (D 0,1,1)
0 1 8 27 57 7 (D 0,1,1) (S 19,13,15) (S 20,15,20) (S 42,20,20) (S 18,21,23) (S 43,21,21) (D 0,1,1)
0 1 9 23 66 7 (D 0,1,1) (S 10,8,9) (S 37,8,8) (S 29,18,21) (S 12,14,16) (S 40,16,16) (D 0,1,1)
0 1 10 19 41 3 (D 0,1,1) (S 39,14,14) (D 0,1,1)
