194
6
6048353
1222406
0 1 1 27 31 7 (D 0,1,1) (S 1,1,10) (S 11,10,6) (S 25,6,6) (S 6,6,9) (S 28,9,9) (D 0,1,1)
0 1 2 27 37 10 (D 0,1,1) (S 3,1,5) (S 2,5,7) (S 26,7,7) (S 22,7,9) (S 5,9,4) (S 13,4,7) (S 9,11,6) (S 12,2,9) (D 0,1,1)
0 1 3 27 29 6 (D 0,1,1) (S 21,1,11) (S 4,11,3) (S 24,3,3) (S 10,3,10) (D 0,1,1)
0 1 4 27 35 6 (D 0,1,1) (S 19,1,3) (S 23,2,2) (S 17,2,6) (S 7,8,10) (D 0,1,1)
0 1 5 27 33 6 (D 0,1,1) (S 18,1,6) (S 15,1,2) (S 16,2,4) (S 20,4,8) (D 0,1,1)
0 1 6 19 29 5 (D 0,1,1) (S 14,8,7) (S 27,8,8) (S 8,10,9) (D 0,1,1)
