387
7
6534829
1014244
0 1 1 41 60 8 (D 0,1,1) (S 5,1,4) (S 2,4,3) (S 6,3,6) (S 1,6,9) (S 12,9,8) (S 16,2,4) (D 0,1,1)
0 1 2 40 49 5 (D 0,1,1) (S 15,1,8) (S 3,8,2) (S 19,4,4) (D 0,1,1)
0 1 3 37 51 6 (D 0,1,1) (S 9,1,3) (S 18,3,3) (S 21,6,6) (S 22,7,7) (D 0,1,1)
0 1 4 40 60 6 (D 0,1,1) (S 10,1,5) (S 20,5,5) (S 13,5,7) (S 4,7,8) (D 0,1,1)
0 1 5 40 80 6 (D 0,1,1) (S 14,1,7) (S 8,7,10) (S 7,10,9) (S 11,10,8) (D 0,1,1)
0 1 6 31 49 3 (D 0,1,1) (S 17,2,2) (D 0,1,1)
0 1 7 16 38 3 (D 0,1,1) (S 23,9,9) (D 0,1,1)
