530
10
8845294
3524250
0 1 1 27 47 8 (D 0,1,1) (S 11,1,17) (S 1,17,15) (S 17,15,1) (S 26,1,27) (S 16,26,23) (S 9,26,25) (D 0,1,1)
0 1 2 27 46 6 (D 0,1,1) (S 2,19,4) (S 30,4,4) (S 3,12,19) (S 25,13,14) (D 0,1,1)
0 1 3 27 87 10 (D 0,1,1) (S 38,19,19) (S 7,12,13) (S 34,13,13) (S 27,14,20) (S 23,20,15) (S 39,21,21) (S 36,16,16) (S 24,6,7) (D 0,1,1)
0 1 4 27 38 6 (D 0,1,1) (S 28,2,2) (S 10,4,3) (S 13,3,6) (S 22,6,5) (D 0,1,1)
0 1 5 26 42 6 (D 0,1,1) (S 20,10,11) (S 15,11,7) (S 6,6,8) (S 33,8,8) (D 0,1,1)
0 1 6 27 50 5 (D 0,1,1) (S 41,24,24) (S 5,27,26) (S 40,23,23) (D 0,1,1)
0 1 7 25 60 5 (D 0,1,1) (S 31,5,5) (S 32,6,6) (S 21,14,21) (D 0,1,1)
0 1 8 26 60 5 (D 0,1,1) (S 29,3,3) (S 18,23,22) (S 14,22,25) (D 0,1,1)
0 1 9 27 51 5 (D 0,1,1) (S 35,14,14) (S 12,18,21) (S 4,21,23) (D 0,1,1)
0 1 10 19 49 5 (D 0,1,1) (S 37,18,18) (S 19,21,20) (S 8,21,25) (D 0,1,1)
