305
10
6220588
1252783
0 1 1 27 29 6 (D 0,1,1) (S 2,1,8) (S 3,8,6) (S 4,6,9) (S 47,9,9) (D 0,1,1)
0 1 2 27 31 9 (D 0,1,1) (S 1,1,4) (S 43,4,4) (S 40,4,10) (S 48,10,10) (S 37,10,2) (S 33,1,3) (S 29,3,5) (D 0,1,1)
0 1 3 27 28 8 (D 0,1,1) (S 7,1,2) (S 23,2,8) (S 24,8,5) (S 35,5,11) (S 8,11,6) (S 34,6,2) (D 0,1,1)
0 1 4 27 28 8 (D 0,1,1) (S 32,1,10) (S 36,10,6) (S 25,6,7) (S 14,7,3) (S 30,3,8) (S 11,8,11) (D 0,1,1)
0 1 5 27 32 9 (D 0,1,1) (S 17,1,6) (S 31,2,11) (S 26,11,1) (S 22,11,3) (S 42,3,3) (S 6,5,4) (S 19,4,9) (D 0,1,1)
0 1 6 27 28 6 (D 0,1,1) (S 28,1,7) (S 20,7,2) (S 41,2,2) (S 18,2,4) (D 0,1,1)
0 1 7 27 30 6 (D 0,1,1) (S 27,1,5) (S 16,5,2) (S 5,2,3) (S 9,5,9) (D 0,1,1)
0 1 8 27 32 5 (D 0,1,1) (S 39,4,8) (S 46,8,8) (S 38,4,7) (D 0,1,1)
0 1 9 27 35 6 (D 0,1,1) (S 13,4,3) (S 15,3,10) (S 21,4,11) (S 45,7,7) (D 0,1,1)
0 1 10 23 32 5 (D 0,1,1) (S 12,9,3) (S 10,7,9) (S 44,5,5) (D 0,1,1)
