586
10
9008205
3842302
0 1 1 27 33 8 (D 0,1,1) (S 9,1,17) (S 24,15,20) (S 21,20,14) (S 30,14,13) (S 28,13,12) (S 25,12,2) (D 0,1,1)
0 1 2 27 50 8 (D 0,1,1) (S 10,1,15) (S 38,15,15) (S 14,15,13) (S 17,14,21) (S 42,21,21) (S 44,25,25) (D 0,1,1)
0 1 3 27 44 8 (D 0,1,1) (S 13,1,2) (S 20,1,24) (S 7,24,27) (S 46,27,27) (S 2,26,23) (S 43,23,23) (D 0,1,1)
0 1 4 27 47 6 (D 0,1,1) (S 41,19,19) (S 32,3,3) (S 22,3,8) (S 16,8,6) (D 0,1,1)
0 1 5 27 52 7 (D 0,1,1) (S 11,3,6) (S 29,6,10) (S 23,10,4) (S 33,4,4) (S 31,5,9) (D 0,1,1)
0 1 6 27 85 8 (D 0,1,1) (S 26,3,4) (S 8,4,5) (S 34,5,5) (S 1,6,7) (S 37,14,14) (S 39,16,16) (D 0,1,1)
0 1 7 27 87 7 (D 0,1,1) (S 45,26,26) (S 27,23,22) (S 19,22,25) (S 15,25,21) (S 18,10,11) (D 0,1,1)
0 1 8 27 94 6 (D 0,1,1) (S 3,6,9) (S 36,8,8) (S 35,7,7) (S 12,23,21) (D 0,1,1)
0 1 9 25 54 5 (D 0,1,1) (S 5,14,18) (S 6,18,25) (S 40,18,18) (D 0,1,1)
0 1 10 8 40 3 (D 0,1,1) (S 4,20,21) (D 0,1,1)
