302
11
6884405
1453323
0 1 1 27 29 8 (D 0,1,1) (S 5,1,4) (S 4,4,7) (S 6,7,1) (S 27,1,2) (S 12,1,9) (S 14,9,4) (D 0,1,1)
0 1 2 27 33 10 (D 0,1,1) (S 9,1,10) (S 24,10,11) (S 2,11,9) (S 22,9,10) (S 23,10,5) (S 3,5,3) (S 21,5,11) (S 7,7,10) (D 0,1,1)
0 1 3 23 25 6 (D 0,1,1) (S 25,1,6) (S 17,6,9) (S 19,9,3) (S 8,3,10) (D 0,1,1)
0 1 4 25 26 5 (D 0,1,1) (S 20,1,11) (S 26,11,2) (S 18,2,8) (D 0,1,1)
0 1 5 26 28 6 (D 0,1,1) (S 16,1,5) (S 10,5,2) (S 11,2,6) (S 15,2,4) (D 0,1,1)
0 1 6 24 27 4 (D 0,1,1) (S 34,8,8) (S 1,8,9) (D 0,1,1)
0 1 7 24 26 3 (D 0,1,1) (S 30,4,4) (D 0,1,1)
0 1 8 27 29 3 (D 0,1,1) (S 28,2,2) (D 0,1,1)
0 1 9 19 22 4 (D 0,1,1) (S 13,8,6) (S 32,6,6) (D 0,1,1)
0 1 10 26 33 4 (D 0,1,1) (S 33,7,7) (S 31,5,5) (D 0,1,1)
0 1 11 18 24 3 (D 0,1,1) (S 29,3,3) (D 0,1,1)
