556
10
9126198
3695560
0 1 1 27 39 6 (D 0,1,1) (S 2,1,19) (S 18,1,3) (S 4,3,8) (S 24,8,6) (D 0,1,1)
0 1 2 27 38 5 (D 0,1,1) (S 9,1,17) (S 34,15,15) (S 19,15,13) (D 0,1,1)
0 1 3 27 48 8 (D 0,1,1) (S 15,1,27) (S 12,27,26) (S 20,23,22) (S 22,22,21) (S 23,21,23) (S 40,25,25) (D 0,1,1)
0 1 4 27 57 8 (D 0,1,1) (S 28,2,2) (S 31,12,12) (S 32,13,13) (S 10,15,20) (S 3,20,21) (S 5,14,16) (D 0,1,1)
0 1 5 27 84 8 (D 0,1,1) (S 39,24,24) (S 8,24,23) (S 38,23,23) (S 26,22,25) (S 35,16,16) (S 30,6,6) (D 0,1,1)
0 1 6 24 42 6 (D 0,1,1) (S 7,3,6) (S 16,6,5) (S 17,5,9) (S 11,9,6) (D 0,1,1)
0 1 7 26 51 6 (D 0,1,1) (S 14,3,4) (S 21,4,6) (S 6,6,10) (S 25,10,11) (D 0,1,1)
0 1 8 27 87 5 (D 0,1,1) (S 33,14,14) (S 37,21,21) (S 29,4,4) (D 0,1,1)
0 1 9 21 66 5 (D 0,1,1) (S 27,5,4) (S 13,9,8) (S 1,7,11) (D 0,1,1)
0 1 10 16 44 3 (D 0,1,1) (S 36,18,18) (D 0,1,1)
