541
10
12014788
3985085
0 1 1 27 46 9 (D 0,1,1) (S 2,1,27) (S 31,27,24) (S 34,24,23) (S 11,23,26) (S 14,26,25) (S 21,14,13) (S 10,1,24) (D 0,1,1)
0 1 2 27 41 7 (D 0,1,1) (S 6,1,15) (S 22,15,20) (S 29,20,21) (S 44,21,21) (S 33,21,25) (D 0,1,1)
0 1 3 27 53 8 (D 0,1,1) (S 8,1,17) (S 12,17,15) (S 9,15,13) (S 19,13,12) (S 1,2,1) (S 13,6,7) (D 0,1,1)
0 1 4 26 64 6 (D 0,1,1) (S 24,1,19) (S 35,2,2) (S 15,14,18) (S 42,16,16) (D 0,1,1)
0 1 5 27 56 8 (D 0,1,1) (S 23,3,4) (S 3,4,10) (S 40,10,10) (S 16,10,6) (S 18,6,3) (S 4,5,9) (D 0,1,1)
0 1 6 25 48 6 (D 0,1,1) (S 36,3,3) (S 32,3,8) (S 27,8,9) (S 39,6,6) (D 0,1,1)
0 1 7 25 52 6 (D 0,1,1) (S 45,26,26) (S 7,23,22) (S 28,22,25) (S 26,25,18) (D 0,1,1)
0 1 8 27 53 5 (D 0,1,1) (S 5,6,4) (S 37,4,4) (S 38,5,5) (D 0,1,1)
0 1 9 26 88 6 (D 0,1,1) (S 30,6,9) (S 25,7,11) (S 17,14,20) (S 20,21,14) (D 0,1,1)
0 1 10 12 40 4 (D 0,1,1) (S 41,14,14) (S 43,18,18) (D 0,1,1)
