581
10
12075732
4262400
0 1 1 27 55 9 (D 0,1,1) (S 3,1,27) (S 7,27,24) (S 35,24,24) (S 34,23,23) (S 13,23,26) (S 36,25,25) (S 16,16,17) (D 0,1,1)
0 1 2 27 61 7 (D 0,1,1) (S 4,1,19) (S 8,1,17) (S 21,1,2) (S 23,2,2) (S 5,6,7) (D 0,1,1)
0 1 3 27 49 7 (D 0,1,1) (S 22,12,13) (S 29,13,13) (S 18,14,20) (S 11,20,21) (S 2,21,25) (D 0,1,1)
0 1 4 27 75 7 (D 0,1,1) (S 9,3,8) (S 6,8,9) (S 1,9,5) (S 26,5,5) (S 12,22,21) (D 0,1,1)
0 1 5 26 76 5 (D 0,1,1) (S 24,3,3) (S 14,6,10) (S 17,14,16) (D 0,1,1)
0 1 6 27 62 5 (D 0,1,1) (S 31,15,15) (S 20,21,18) (S 33,22,22) (D 0,1,1)
0 1 7 27 57 6 (D 0,1,1) (S 37,26,26) (S 15,23,22) (S 10,23,21) (S 32,18,18) (D 0,1,1)
0 1 8 25 58 5 (D 0,1,1) (S 27,6,6) (S 19,10,11) (S 28,7,7) (D 0,1,1)
0 1 9 14 38 3 (D 0,1,1) (S 30,14,14) (D 0,1,1)
0 1 10 22 50 3 (D 0,1,1) (S 25,4,4) (D 0,1,1)
