223
8
5328037
1119916
0 1 1 27 28 8 (D 0,1,1) (S 21,1,2) (S 26,2,8) (S 36,8,8) (S 15,8,5) (S 23,5,10) (S 2,10,7) (D 0,1,1)
0 1 2 27 28 6 (D 0,1,1) (S 5,1,3) (S 32,3,3) (S 28,3,2) (S 27,2,5) (D 0,1,1)
0 1 3 27 29 8 (D 0,1,1) (S 6,1,7) (S 1,7,6) (S 18,6,9) (S 3,9,10) (S 37,10,10) (S 19,3,5) (D 0,1,1)
0 1 4 27 28 8 (D 0,1,1) (S 25,1,9) (S 4,9,7) (S 17,7,5) (S 34,5,5) (S 20,5,11) (S 7,11,7) (D 0,1,1)
0 1 5 27 29 6 (D 0,1,1) (S 10,1,11) (S 8,11,2) (S 30,2,4) (S 33,4,4) (D 0,1,1)
0 1 6 26 27 7 (D 0,1,1) (S 12,1,4) (S 29,4,9) (S 24,9,11) (S 16,11,4) (S 9,4,5) (D 0,1,1)
0 1 7 23 26 5 (D 0,1,1) (S 22,3,9) (S 13,4,6) (S 11,6,8) (D 0,1,1)
0 1 8 21 28 5 (D 0,1,1) (S 35,6,6) (S 14,3,11) (S 31,2,2) (D 0,1,1)
