472
10
8414688
3613938
0 1 1 27 28 6 (D 0,1,1) (S 26,1,17) (S 17,17,15) (S 33,15,1) (S 18,1,19) (D 0,1,1)
0 1 2 27 34 9 (D 0,1,1) (S 8,1,3) (S 9,3,8) (S 1,8,24) (S 46,24,24) (S 24,8,27) (S 6,27,1) (S 29,19,4) (D 0,1,1)
0 1 3 27 50 11 (D 0,1,1) (S 10,19,12) (S 4,12,2) (S 36,2,2) (S 13,12,13) (S 23,13,14) (S 21,14,16) (S 42,16,16) (S 27,18,25) (S 12,25,26) (D 0,1,1)
0 1 4 27 38 5 (D 0,1,1) (S 37,4,4) (S 31,4,3) (S 11,3,6) (D 0,1,1)
0 1 5 27 60 8 (D 0,1,1) (S 15,4,10) (S 28,10,11) (S 14,10,6) (S 25,6,7) (S 39,7,7) (S 30,26,23) (D 0,1,1)
0 1 6 27 58 7 (D 0,1,1) (S 19,5,9) (S 34,5,6) (S 20,6,8) (S 40,8,8) (S 16,23,21) (D 0,1,1)
0 1 7 26 41 5 (D 0,1,1) (S 35,24,27) (S 2,27,26) (S 3,23,24) (D 0,1,1)
0 1 8 26 57 6 (D 0,1,1) (S 38,6,6) (S 22,13,15) (S 32,15,20) (S 43,20,20) (D 0,1,1)
0 1 9 25 54 5 (D 0,1,1) (S 41,14,14) (S 44,21,21) (S 7,21,25) (D 0,1,1)
0 1 10 19 52 4 (D 0,1,1) (S 45,22,22) (S 5,18,21) (D 0,1,1)
