308
10
10148952
1237650
0 1 1 27 28 9 (D 0,1,1) (S 32,1,4) (S 25,4,2) (S 5,2,6) (S 27,6,11) (S 3,11,10) (S 2,10,9) (S 18,9,4) (D 0,1,1)
0 1 2 27 29 7 (D 0,1,1) (S 26,1,5) (S 1,5,8) (S 39,8,8) (S 31,8,7) (S 7,7,10) (D 0,1,1)
0 1 3 27 30 8 (D 0,1,1) (S 4,1,3) (S 24,3,11) (S 42,11,11) (S 23,11,7) (S 29,7,2) (S 16,6,10) (D 0,1,1)
0 1 4 27 31 7 (D 0,1,1) (S 30,2,3) (S 6,3,4) (S 9,4,6) (S 21,6,8) (S 19,8,3) (D 0,1,1)
0 1 5 26 29 6 (D 0,1,1) (S 28,8,9) (S 40,9,9) (S 22,9,5) (S 20,5,10) (D 0,1,1)
0 1 6 27 31 6 (D 0,1,1) (S 17,2,5) (S 36,5,5) (S 11,3,9) (S 12,9,7) (D 0,1,1)
0 1 7 27 31 4 (D 0,1,1) (S 33,2,2) (S 15,8,11) (D 0,1,1)
0 1 8 27 33 4 (D 0,1,1) (S 35,4,4) (S 14,3,7) (D 0,1,1)
0 1 9 26 32 6 (D 0,1,1) (S 13,4,7) (S 38,7,7) (S 8,7,6) (S 41,10,10) (D 0,1,1)
0 1 10 25 34 5 (D 0,1,1) (S 10,11,9) (S 34,3,3) (S 37,6,6) (D 0,1,1)
