497
10
8588255
3651789
0 1 1 27 33 7 (D 0,1,1) (S 24,1,19) (S 15,19,4) (S 3,4,5) (S 34,5,5) (S 39,12,12) (D 0,1,1)
0 1 2 27 45 8 (D 0,1,1) (S 18,1,27) (S 16,27,24) (S 22,24,23) (S 11,23,26) (S 7,26,25) (S 10,22,21) (D 0,1,1)
0 1 3 27 34 10 (D 0,1,1) (S 6,1,15) (S 8,15,20) (S 5,20,14) (S 19,14,13) (S 1,13,12) (S 31,2,2) (S 17,2,1) (S 14,1,24) (D 0,1,1)
0 1 4 27 65 7 (D 0,1,1) (S 33,4,4) (S 38,10,10) (S 27,6,3) (S 20,8,24) (S 25,17,16) (D 0,1,1)
0 1 5 26 54 6 (D 0,1,1) (S 28,17,15) (S 30,15,13) (S 40,14,14) (S 44,21,21) (D 0,1,1)
0 1 6 26 57 5 (D 0,1,1) (S 41,17,17) (S 26,14,18) (S 2,18,21) (D 0,1,1)
0 1 7 27 46 7 (D 0,1,1) (S 13,5,9) (S 9,9,8) (S 37,8,8) (S 23,8,3) (S 21,6,9) (D 0,1,1)
0 1 8 25 43 4 (D 0,1,1) (S 32,3,3) (S 35,6,6) (D 0,1,1)
0 1 9 26 55 6 (D 0,1,1) (S 29,27,26) (S 12,23,21) (S 43,20,20) (S 4,25,22) (D 0,1,1)
0 1 10 20 65 5 (D 0,1,1) (S 36,7,7) (S 42,18,18) (S 45,22,22) (D 0,1,1)
