575
7
6014942
1248380
0 1 1 33 59 9 (D 0,1,1) (S 13,1,3) (S 8,3,6) (S 3,6,2) (S 2,2,8) (S 14,8,9) (S 5,13,11) (S 10,5,1) (D 0,1,1)
0 1 2 34 80 5 (D 0,1,1) (S 12,1,4) (S 1,4,5) (S 15,6,12) (D 0,1,1)
0 1 3 31 98 5 (D 0,1,1) (S 17,2,2) (S 18,7,7) (S 11,8,12) (D 0,1,1)
0 1 4 35 61 5 (D 0,1,1) (S 9,2,3) (S 16,6,10) (S 6,10,4) (D 0,1,1)
0 1 5 31 78 4 (D 0,1,1) (S 7,4,11) (S 21,11,11) (D 0,1,1)
0 1 6 34 125 5 (D 0,1,1) (S 4,5,10) (S 20,10,10) (S 19,9,9) (D 0,1,1)
0 1 7 14 74 3 (D 0,1,1) (S 22,12,12) (D 0,1,1)
