234
9
7771737
1182298
0 1 1 27 28 10 (D 0,1,1) (S 2,1,7) (S 34,7,7) (S 6,7,10) (S 36,10,10) (S 25,10,4) (S 23,4,1) (S 19,1,9) (S 15,9,6) (D 0,1,1)
0 1 2 27 32 9 (D 0,1,1) (S 28,1,11) (S 22,11,4) (S 11,4,7) (S 7,7,3) (S 30,3,3) (S 17,1,5) (S 5,6,10) (D 0,1,1)
0 1 3 27 28 7 (D 0,1,1) (S 24,1,3) (S 9,3,10) (S 4,10,5) (S 32,5,5) (S 3,5,8) (D 0,1,1)
0 1 4 25 27 7 (D 0,1,1) (S 16,1,8) (S 1,8,9) (S 14,9,7) (S 10,7,6) (S 21,6,4) (D 0,1,1)
0 1 5 23 26 6 (D 0,1,1) (S 20,3,5) (S 27,5,11) (S 13,11,3) (S 18,3,2) (D 0,1,1)
0 1 6 21 26 4 (D 0,1,1) (S 33,6,6) (S 8,5,2) (D 0,1,1)
0 1 7 26 30 5 (D 0,1,1) (S 12,3,9) (S 35,9,9) (S 26,4,2) (D 0,1,1)
0 1 8 16 20 3 (D 0,1,1) (S 31,4,4) (D 0,1,1)
0 1 9 13 17 3 (D 0,1,1) (S 29,2,2) (D 0,1,1)
