237
8
7602871
1502126
0 1 1 27 31 10 (D 0,1,1) (S 1,1,7) (S 23,7,9) (S 32,9,9) (S 7,9,10) (S 2,10,6) (S 8,6,9) (S 10,4,3) (S 11,7,2) (D 0,1,1)
0 1 2 27 29 6 (D 0,1,1) (S 3,1,11) (S 5,11,4) (S 18,4,5) (S 21,5,10) (D 0,1,1)
0 1 3 27 29 8 (D 0,1,1) (S 17,1,4) (S 14,2,3) (S 4,3,7) (S 30,7,7) (S 9,7,5) (S 6,5,3) (D 0,1,1)
0 1 4 27 31 6 (D 0,1,1) (S 31,8,8) (S 20,8,6) (S 29,6,6) (S 28,5,5) (D 0,1,1)
0 1 5 26 33 8 (D 0,1,1) (S 26,3,3) (S 24,3,10) (S 33,10,10) (S 19,10,7) (S 13,8,9) (S 12,5,8) (D 0,1,1)
0 1 6 25 30 5 (D 0,1,1) (S 22,3,11) (S 15,11,5) (S 16,3,9) (D 0,1,1)
0 1 7 25 29 3 (D 0,1,1) (S 27,4,4) (D 0,1,1)
0 1 8 21 25 3 (D 0,1,1) (S 25,2,2) (D 0,1,1)
