192
6
6101522
1151070
0 1 1 27 31 8 (D 0,1,1) (S 4,1,9) (S 6,9,10) (S 28,10,10) (S 5,10,8) (S 17,8,7) (S 13,7,9) (D 0,1,1)
0 1 2 27 32 8 (D 0,1,1) (S 20,1,2) (S 3,2,5) (S 2,5,7) (S 26,7,7) (S 11,7,1) (S 7,2,9) (D 0,1,1)
0 1 3 26 34 7 (D 0,1,1) (S 19,1,6) (S 18,6,2) (S 1,2,4) (S 24,4,4) (S 16,11,6) (D 0,1,1)
0 1 4 26 30 6 (D 0,1,1) (S 10,1,11) (S 21,11,3) (S 23,3,3) (S 27,8,8) (D 0,1,1)
0 1 5 25 32 5 (D 0,1,1) (S 22,2,2) (S 9,3,5) (S 25,5,5) (D 0,1,1)
0 1 6 23 33 6 (D 0,1,1) (S 12,10,6) (S 15,6,7) (S 14,6,9) (S 8,9,4) (D 0,1,1)
