305
11
5714576
1225144
0 1 1 27 31 7 (D 0,1,1) (S 23,1,5) (S 22,5,3) (S 1,3,9) (S 2,9,8) (S 17,1,3) (D 0,1,1)
0 1 2 27 28 8 (D 0,1,1) (S 4,1,11) (S 25,11,3) (S 21,3,2) (S 30,2,7) (S 26,7,11) (S 31,11,8) (D 0,1,1)
0 1 3 27 28 9 (D 0,1,1) (S 36,1,7) (S 7,7,5) (S 34,5,9) (S 28,9,10) (S 47,10,10) (S 27,10,6) (S 14,6,4) (D 0,1,1)
0 1 4 26 29 7 (D 0,1,1) (S 35,1,6) (S 37,6,3) (S 40,3,3) (S 18,5,4) (S 12,4,9) (D 0,1,1)
0 1 5 26 29 7 (D 0,1,1) (S 9,1,2) (S 6,2,9) (S 19,9,6) (S 24,6,2) (S 43,6,6) (D 0,1,1)
0 1 6 25 27 7 (D 0,1,1) (S 32,1,4) (S 41,4,4) (S 20,4,10) (S 10,10,11) (S 29,1,8) (D 0,1,1)
0 1 7 25 29 7 (D 0,1,1) (S 33,4,7) (S 16,7,6) (S 11,6,5) (S 5,5,8) (S 15,8,3) (D 0,1,1)
0 1 8 24 27 5 (D 0,1,1) (S 38,4,11) (S 13,11,2) (S 8,2,10) (D 0,1,1)
0 1 9 25 32 4 (D 0,1,1) (S 39,2,2) (S 42,5,5) (D 0,1,1)
0 1 10 27 34 5 (D 0,1,1) (S 45,8,8) (S 3,8,6) (S 44,7,7) (D 0,1,1)
0 1 11 7 11 3 (D 0,1,1) (S 46,9,9) (D 0,1,1)
