545
10
10524354
4323154
0 1 1 27 45 8 (D 0,1,1) (S 22,1,2) (S 10,2,12) (S 6,12,13) (S 3,13,14) (S 5,14,18) (S 37,21,21) (D 0,1,1)
0 1 2 27 45 7 (D 0,1,1) (S 20,1,3) (S 26,3,3) (S 25,3,6) (S 24,6,7) (S 11,7,11) (D 0,1,1)
0 1 3 27 60 8 (D 0,1,1) (S 36,19,19) (S 34,17,17) (S 17,17,16) (S 32,14,14) (S 12,21,22) (S 23,25,26) (D 0,1,1)
0 1 4 27 45 6 (D 0,1,1) (S 40,24,24) (S 15,24,23) (S 39,23,23) (S 7,23,22) (D 0,1,1)
0 1 5 27 51 6 (D 0,1,1) (S 41,27,27) (S 4,27,26) (S 1,23,21) (S 21,21,18) (D 0,1,1)
0 1 6 27 74 8 (D 0,1,1) (S 13,3,4) (S 27,4,4) (S 18,4,10) (S 31,10,10) (S 28,5,5) (S 2,15,20) (D 0,1,1)
0 1 7 24 52 5 (D 0,1,1) (S 33,15,15) (S 8,15,13) (S 9,14,20) (D 0,1,1)
0 1 8 26 56 4 (D 0,1,1) (S 29,6,6) (S 30,8,8) (D 0,1,1)
0 1 9 22 70 5 (D 0,1,1) (S 16,6,4) (S 14,5,6) (S 38,22,22) (D 0,1,1)
0 1 10 15 47 4 (D 0,1,1) (S 35,18,18) (S 19,21,20) (D 0,1,1)
