207
6
5212523
1078513
0 1 1 27 35 9 (D 0,1,1) (S 2,1,2) (S 3,2,3) (S 18,3,5) (S 23,5,5) (S 25,7,7) (S 1,7,11) (S 7,11,6) (D 0,1,1)
0 1 2 27 36 9 (D 0,1,1) (S 6,1,3) (S 19,3,11) (S 9,11,1) (S 10,1,7) (S 5,7,5) (S 15,7,4) (S 13,3,10) (D 0,1,1)
0 1 3 25 30 8 (D 0,1,1) (S 14,1,8) (S 26,8,8) (S 16,8,7) (S 8,7,10) (S 28,10,10) (S 21,3,3) (D 0,1,1)
0 1 4 24 31 5 (D 0,1,1) (S 20,2,2) (S 17,2,5) (S 12,2,8) (D 0,1,1)
0 1 5 27 37 5 (D 0,1,1) (S 11,7,6) (S 24,6,6) (S 4,9,4) (D 0,1,1)
0 1 6 24 38 4 (D 0,1,1) (S 22,4,4) (S 27,9,9) (D 0,1,1)
