462
10
9324111
3970581
0 1 1 27 33 7 (D 0,1,1) (S 20,1,2) (S 26,2,2) (S 10,12,19) (S 17,19,1) (S 4,1,17) (D 0,1,1)
0 1 2 27 38 7 (D 0,1,1) (S 32,12,12) (S 21,4,10) (S 23,10,11) (S 1,11,7) (S 7,6,4) (D 0,1,1)
0 1 3 27 39 6 (D 0,1,1) (S 12,4,3) (S 27,3,3) (S 14,3,6) (S 15,6,8) (D 0,1,1)
0 1 4 27 45 6 (D 0,1,1) (S 28,4,4) (S 29,5,5) (S 16,5,9) (S 22,8,24) (D 0,1,1)
0 1 5 27 49 9 (D 0,1,1) (S 5,17,15) (S 19,15,13) (S 33,13,13) (S 2,14,21) (S 6,21,22) (S 38,22,22) (S 25,25,26) (D 0,1,1)
0 1 6 25 58 7 (D 0,1,1) (S 9,17,16) (S 24,14,20) (S 36,20,20) (S 18,21,18) (S 39,23,23) (D 0,1,1)
0 1 7 26 52 6 (D 0,1,1) (S 13,24,23) (S 3,23,22) (S 8,25,18) (S 41,27,27) (D 0,1,1)
0 1 8 25 44 5 (D 0,1,1) (S 40,24,24) (S 31,8,8) (S 11,27,26) (D 0,1,1)
0 1 9 25 52 4 (D 0,1,1) (S 30,6,6) (S 35,15,15) (D 0,1,1)
0 1 10 22 52 4 (D 0,1,1) (S 34,14,14) (S 37,21,21) (D 0,1,1)
