659
9
10711705
2751098
0 1 1 43 58 13 (D 0,1,1) (S 2,1,5) (S 42,5,5) (S 18,5,4) (S 18,4,5) (S 13,5,6) (S 14,6,7) (S 1,7,13) (S 32,13,17) (S 19,17,16) (S 19,16,17) (S 37,17,18) (D 0,1,1)
0 1 2 46 87 9 (D 0,1,1) (S 35,1,9) (S 44,9,9) (S 28,9,19) (S 27,19,1) (S 22,1,11) (S 16,2,10) (S 46,13,13) (D 0,1,1)
0 1 3 45 63 7 (D 0,1,1) (S 22,1,11) (S 6,11,6) (S 14,6,7) (S 7,7,8) (S 17,17,12) (D 0,1,1)
0 1 4 45 67 7 (D 0,1,1) (S 4,1,20) (S 29,20,21) (S 25,21,24) (S 9,24,23) (S 51,22,22) (D 0,1,1)
0 1 5 44 66 10 (D 0,1,1) (S 13,5,6) (S 8,6,12) (S 5,12,16) (S 49,16,16) (S 50,17,17) (S 17,17,12) (S 45,12,12) (S 16,2,10) (D 0,1,1)
0 1 6 45 80 8 (D 0,1,1) (S 15,19,20) (S 23,20,15) (S 48,15,15) (S 34,15,21) (S 25,21,24) (S 20,2,4) (D 0,1,1)
0 1 7 43 109 6 (D 0,1,1) (S 33,19,22) (S 10,23,21) (S 12,3,4) (S 43,8,8) (D 0,1,1)
0 1 8 41 84 6 (D 0,1,1) (S 41,3,3) (S 40,2,2) (S 11,13,14) (S 3,14,18) (D 0,1,1)
0 1 9 5 45 3 (D 0,1,1) (S 47,14,14) (D 0,1,1)
