833
9
14455122
7380205
0 1 1 63 82 13 (D 0,1,1) (S 36,1,11) (S 51,11,12) (S 19,12,6) (S 62,6,6) (S 15,6,1) (S 12,1,35) (S 79,35,35) (S 25,35,28) (S 24,28,27) (S 24,27,28) (S 59,2,2) (D 0,1,1)
0 1 2 65 84 12 (D 0,1,1) (S 54,1,40) (S 82,40,40) (S 20,40,8) (S 64,8,8) (S 6,8,14) (S 8,14,15) (S 39,15,16) (S 69,16,16) (S 26,10,9) (S 31,2,6) (D 0,1,1)
0 1 3 65 93 17 (D 0,1,1) (S 42,2,3) (S 32,3,37) (S 34,37,38) (S 34,38,37) (S 32,37,3) (S 35,3,4) (S 60,4,4) (S 18,3,7) (S 63,7,7) (S 27,7,6) (S 27,6,7) (S 68,13,13) (S 22,13,18) (S 71,18,18) (S 57,22,21) (D 0,1,1)
0 1 4 64 83 10 (D 0,1,1) (S 7,2,36) (S 37,36,37) (S 29,37,31) (S 21,31,30) (S 21,30,31) (S 76,31,31) (S 38,31,32) (S 3,32,39) (D 0,1,1)
0 1 5 65 100 9 (D 0,1,1) (S 11,11,16) (S 41,16,10) (S 65,10,10) (S 44,9,15) (S 56,9,8) (S 66,11,11) (S 52,33,26) (D 0,1,1)
0 1 6 64 91 9 (D 0,1,1) (S 25,35,28) (S 75,27,27) (S 78,34,34) (S 16,34,33) (S 77,33,33) (S 17,35,36) (S 37,36,37) (D 0,1,1)
0 1 7 64 95 12 (D 0,1,1) (S 13,36,29) (S 10,29,30) (S 23,30,37) (S 80,38,38) (S 40,38,39) (S 81,39,39) (S 46,39,5) (S 61,5,5) (S 22,13,18) (S 5,18,22) (D 0,1,1)
0 1 8 65 110 12 (D 0,1,1) (S 4,12,17) (S 70,17,17) (S 67,12,12) (S 9,18,19) (S 1,22,25) (S 14,25,24) (S 43,24,21) (S 28,21,20) (S 2,20,23) (S 73,23,23) (D 0,1,1)
0 1 9 41 95 6 (D 0,1,1) (S 74,26,26) (S 57,22,21) (S 43,21,24) (S 72,20,20) (D 0,1,1)
