1096
9
13328880
8711169
0 1 1 74 93 13 (D 0,1,1) (S 26,1,7) (S 19,7,8) (S 60,8,2) (S 33,2,1) (S 26,1,7) (S 44,7,13) (S 24,13,14) (S 42,14,23) (S 89,23,23) (S 69,23,24) (S 90,24,24) (D 0,1,1)
0 1 2 75 101 18 (D 0,1,1) (S 78,2,2) (S 60,2,8) (S 19,8,7) (S 7,8,9) (S 1,9,3) (S 67,3,4) (S 25,4,10) (S 31,10,15) (S 31,15,10) (S 13,10,11) (S 81,11,11) (S 4,11,17) (S 18,17,20) (S 88,20,20) (S 5,20,21) (S 18,20,17) (D 0,1,1)
0 1 3 75 107 13 (D 0,1,1) (S 79,3,3) (S 67,3,4) (S 6,4,5) (S 16,5,11) (S 68,11,12) (S 82,12,12) (S 27,12,6) (S 11,6,5) (S 84,15,15) (S 10,15,25) (S 36,25,26) (D 0,1,1)
0 1 4 75 128 10 (D 0,1,1) (S 80,9,9) (S 54,14,24) (S 2,24,30) (S 3,30,31) (S 32,31,35) (S 20,35,39) (S 48,39,38) (S 28,34,35) (D 0,1,1)
0 1 5 74 124 11 (D 0,1,1) (S 83,14,14) (S 24,14,13) (S 56,13,23) (S 47,23,29) (S 40,29,34) (S 30,34,38) (S 48,38,39) (S 95,39,39) (S 63,39,40) (D 0,1,1)
0 1 6 74 138 16 (D 0,1,1) (S 14,16,17) (S 86,17,17) (S 43,20,27) (S 45,27,33) (S 45,33,27) (S 92,27,27) (S 15,27,32) (S 62,32,26) (S 36,26,25) (S 9,25,31) (S 28,35,34) (S 29,29,30) (S 23,16,19) (S 23,19,16) (D 0,1,1)
0 1 7 73 132 13 (D 0,1,1) (S 85,16,16) (S 37,19,26) (S 91,26,26) (S 21,26,27) (S 72,27,28) (S 35,28,22) (S 35,22,28) (S 17,22,18) (S 58,20,19) (S 87,19,19) (S 62,26,32) (D 0,1,1)
0 1 8 74 161 14 (D 0,1,1) (S 47,23,29) (S 40,29,34) (S 30,34,38) (S 77,35,36) (S 93,36,36) (S 57,36,32) (S 74,32,31) (S 57,32,36) (S 12,36,40) (S 22,40,41) (S 96,41,41) (S 29,29,30) (D 0,1,1)
0 1 9 29 112 6 (D 0,1,1) (S 8,21,22) (S 94,37,37) (S 53,37,41) (S 53,41,37) (D 0,1,1)
