768
8
5898170
2447735
0 1 1 40 90 9 (D 0,1,1) (S 23,1,3) (S 2,3,4) (S 32,4,4) (S 4,2,1) (S 30,2,2) (S 26,3,9) (S 12,21,15) (D 0,1,1)
0 1 2 40 76 7 (D 0,1,1) (S 31,3,3) (S 6,9,10) (S 10,10,20) (S 40,20,20) (S 12,21,15) (D 0,1,1)
0 1 3 40 87 8 (D 0,1,1) (S 36,9,9) (S 18,10,11) (S 21,11,12) (S 8,12,13) (S 25,13,17) (S 1,17,18) (D 0,1,1)
0 1 4 40 98 7 (D 0,1,1) (S 33,5,5) (S 13,5,11) (S 18,11,10) (S 5,20,21) (S 25,17,13) (D 0,1,1)
0 1 5 39 79 9 (D 0,1,1) (S 13,5,11) (S 7,11,15) (S 22,15,16) (S 22,16,15) (S 24,21,24) (S 15,24,23) (S 11,23,22) (D 0,1,1)
0 1 6 40 106 5 (D 0,1,1) (S 39,19,19) (S 42,22,22) (S 41,21,21) (D 0,1,1)
0 1 7 39 124 6 (D 0,1,1) (S 43,23,23) (S 38,16,16) (S 17,18,14) (S 3,14,8) (D 0,1,1)
0 1 8 32 108 8 (D 0,1,1) (S 9,12,6) (S 34,6,6) (S 35,7,7) (S 14,7,8) (S 37,14,14) (S 17,14,18) (D 0,1,1)
