768
10
8704842
4497609
0 1 1 50 69 14 (D 0,1,1) (S 2,1,31) (S 43,31,5) (S 18,5,10) (S 31,10,14) (S 51,14,14) (S 38,14,15) (S 14,15,16) (S 52,16,16) (S 28,16,10) (S 18,10,5) (S 27,5,6) (S 30,9,4) (D 0,1,1)
0 1 2 50 60 10 (D 0,1,1) (S 23,1,30) (S 23,30,1) (S 42,1,2) (S 26,2,3) (S 5,3,4) (S 1,4,13) (S 15,13,12) (S 15,12,13) (D 0,1,1)
0 1 3 50 68 7 (D 0,1,1) (S 9,1,7) (S 47,7,7) (S 22,7,8) (S 6,3,9) (S 3,9,13) (D 0,1,1)
0 1 4 50 88 8 (D 0,1,1) (S 44,2,2) (S 30,9,4) (S 7,13,19) (S 20,19,18) (S 25,18,21) (S 4,27,26) (D 0,1,1)
0 1 5 48 68 9 (D 0,1,1) (S 10,31,6) (S 46,6,6) (S 16,6,11) (S 24,11,12) (S 37,12,18) (S 37,18,12) (S 29,11,17) (D 0,1,1)
0 1 6 47 60 9 (D 0,1,1) (S 11,31,29) (S 34,29,30) (S 34,30,29) (S 21,29,28) (S 60,28,28) (S 17,28,26) (S 33,26,23) (D 0,1,1)
0 1 7 50 96 9 (D 0,1,1) (S 45,5,5) (S 49,10,10) (S 50,11,11) (S 53,17,17) (S 59,27,27) (S 8,27,24) (S 57,23,23) (D 0,1,1)
0 1 8 48 93 6 (D 0,1,1) (S 48,8,8) (S 54,18,18) (S 25,18,21) (S 13,21,22) (D 0,1,1)
0 1 9 48 105 5 (D 0,1,1) (S 12,23,25) (S 58,25,25) (S 55,19,19) (D 0,1,1)
0 1 10 11 61 3 (D 0,1,1) (S 56,20,20) (D 0,1,1)
