1178
9
16194197
8633654
0 1 1 75 156 19 (D 0,1,1) (S 51,1,2) (S 30,2,8) (S 18,8,7) (S 18,7,8) (S 30,8,2) (S 67,2,3) (S 25,3,4) (S 31,4,10) (S 75,10,10) (S 12,10,9) (S 5,9,3) (S 14,9,8) (S 16,7,1) (S 16,1,7) (S 73,2,2) (S 13,10,11) (S 19,40,39) (D 0,1,1)
0 1 2 75 107 14 (D 0,1,1) (S 1,9,14) (S 39,14,24) (S 2,24,25) (S 86,25,25) (S 53,25,26) (S 87,26,26) (S 55,26,19) (S 28,19,20) (S 61,20,17) (S 6,17,18) (S 32,18,22) (S 81,17,17) (D 0,1,1)
0 1 3 74 100 10 (D 0,1,1) (S 64,7,13) (S 34,13,14) (S 78,14,14) (S 39,14,24) (S 85,24,24) (S 44,23,13) (S 44,13,23) (S 84,23,23) (D 0,1,1)
0 1 4 75 144 10 (D 0,1,1) (S 79,15,15) (S 52,15,16) (S 80,16,16) (S 10,16,11) (S 22,11,5) (S 9,5,4) (S 74,4,4) (S 91,34,34) (D 0,1,1)
0 1 5 75 146 15 (D 0,1,1) (S 26,14,23) (S 27,23,29) (S 45,29,34) (S 37,34,38) (S 57,38,39) (S 93,39,39) (S 70,39,36) (S 35,36,37) (S 29,37,33) (S 17,33,27) (S 42,27,20) (S 83,20,20) (S 94,40,40) (D 0,1,1)
0 1 6 75 125 11 (D 0,1,1) (S 71,11,12) (S 66,12,6) (S 7,6,5) (S 76,11,11) (S 11,11,17) (S 3,20,21) (S 63,21,27) (S 88,27,27) (S 8,21,22) (D 0,1,1)
0 1 7 73 127 15 (D 0,1,1) (S 82,19,19) (S 15,26,32) (S 48,32,31) (S 59,31,35) (S 20,35,36) (S 4,36,40) (S 24,40,41) (S 24,41,40) (S 60,39,35) (S 20,35,36) (S 35,36,37) (S 46,37,41) (S 46,41,37) (D 0,1,1)
0 1 8 78 166 13 (D 0,1,1) (S 27,23,29) (S 89,29,29) (S 45,29,34) (S 37,34,38) (S 92,35,35) (S 56,36,32) (S 15,32,26) (S 56,32,36) (S 36,27,28) (S 62,28,22) (S 77,12,12) (D 0,1,1)
0 1 9 28 107 5 (D 0,1,1) (S 90,30,30) (S 21,30,29) (S 62,22,28) (D 0,1,1)
