1003
9
11402401
6451838
0 1 1 73 92 13 (D 0,1,1) (S 27,1,7) (S 61,7,7) (S 46,7,13) (S 16,13,12) (S 1,12,19) (S 6,19,25) (S 21,25,30) (S 2,30,29) (S 52,29,25) (S 3,25,26) (S 44,26,20) (D 0,1,1)
0 1 2 73 96 13 (D 0,1,1) (S 28,1,6) (S 28,6,1) (S 27,1,7) (S 4,13,2) (S 23,2,3) (S 43,3,4) (S 38,4,5) (S 22,5,11) (S 17,11,4) (S 59,4,4) (S 7,4,10) (D 0,1,1)
0 1 3 76 98 12 (D 0,1,1) (S 14,1,2) (S 32,2,8) (S 62,8,8) (S 30,8,9) (S 5,9,10) (S 45,10,11) (S 26,11,17) (S 26,17,11) (S 64,11,11) (S 40,10,3) (D 0,1,1)
0 1 4 73 100 10 (D 0,1,1) (S 47,6,18) (S 53,18,29) (S 77,29,29) (S 21,30,25) (S 68,19,19) (S 51,19,18) (S 25,18,12) (S 25,12,18) (D 0,1,1)
0 1 5 72 109 13 (D 0,1,1) (S 60,6,6) (S 18,6,12) (S 11,13,14) (S 50,14,20) (S 69,20,20) (S 44,20,26) (S 74,26,26) (S 15,26,27) (S 49,27,28) (S 20,28,34) (S 9,34,33) (D 0,1,1)
0 1 6 75 137 11 (D 0,1,1) (S 65,13,13) (S 50,14,20) (S 37,20,21) (S 70,21,21) (S 10,21,22) (S 71,22,22) (S 33,23,16) (S 29,16,15) (S 79,32,32) (D 0,1,1)
0 1 7 75 144 12 (D 0,1,1) (S 12,14,15) (S 66,15,15) (S 55,15,9) (S 8,9,3) (S 45,10,11) (S 24,17,24) (S 19,24,34) (S 19,34,24) (S 80,33,33) (S 36,32,31) (D 0,1,1)
0 1 8 73 151 9 (D 0,1,1) (S 55,15,9) (S 63,10,10) (S 67,16,16) (S 72,23,23) (S 73,24,24) (S 76,28,28) (S 42,33,32) (D 0,1,1)
0 1 9 20 76 5 (D 0,1,1) (S 13,30,31) (S 78,31,31) (S 75,27,27) (D 0,1,1)
