1080
9
15272342
6346462
0 1 1 74 115 11 (D 0,1,1) (S 32,1,7) (S 20,7,6) (S 40,6,18) (S 69,18,18) (S 34,18,19) (S 70,19,19) (S 6,19,25) (S 29,25,29) (S 26,31,32) (D 0,1,1)
0 1 2 74 93 12 (D 0,1,1) (S 48,1,6) (S 59,6,6) (S 20,6,7) (S 30,7,13) (S 65,13,13) (S 12,13,12) (S 64,12,12) (S 41,12,18) (S 42,18,29) (S 29,29,25) (D 0,1,1)
0 1 3 76 122 12 (D 0,1,1) (S 60,7,7) (S 13,13,2) (S 31,2,8) (S 1,8,14) (S 66,14,14) (S 22,14,20) (S 71,20,20) (S 37,20,26) (S 75,26,26) (S 39,27,32) (D 0,1,1)
0 1 4 74 121 12 (D 0,1,1) (S 55,2,2) (S 61,8,8) (S 36,15,9) (S 15,9,10) (S 16,10,16) (S 33,16,15) (S 23,15,21) (S 3,21,27) (S 38,27,28) (S 5,28,23) (D 0,1,1)
0 1 5 74 122 13 (D 0,1,1) (S 23,15,21) (S 72,21,21) (S 37,20,26) (S 7,26,31) (S 26,31,32) (S 18,32,33) (S 2,33,34) (S 79,34,34) (S 21,34,24) (S 21,24,34) (S 14,33,28) (D 0,1,1)
0 1 6 73 130 12 (D 0,1,1) (S 4,15,22) (S 25,22,28) (S 77,28,28) (S 38,28,27) (S 76,27,27) (S 9,26,25) (S 43,25,30) (S 10,30,31) (S 18,32,33) (S 17,22,23) (D 0,1,1)
0 1 7 74 117 10 (D 0,1,1) (S 67,15,15) (S 46,10,11) (S 28,11,5) (S 49,5,4) (S 57,4,4) (S 52,4,3) (S 56,3,3) (S 62,10,10) (D 0,1,1)
0 1 8 74 184 12 (D 0,1,1) (S 74,25,25) (S 78,29,29) (S 53,23,16) (S 11,16,17) (S 68,17,17) (S 35,17,24) (S 24,24,11) (S 58,5,5) (S 8,24,23) (S 73,24,24) (D 0,1,1)
0 1 9 19 76 3 (D 0,1,1) (S 63,11,11) (D 0,1,1)
