948
10
19723738
13456086
0 1 1 72 85 16 (D 0,1,1) (S 29,1,9) (S 56,9,8) (S 53,8,13) (S 35,13,22) (S 27,22,14) (S 22,14,15) (S 42,15,23) (S 54,23,24) (S 48,24,30) (S 26,30,17) (S 26,17,30) (S 3,30,38) (S 2,38,46) (S 79,38,36) (D 0,1,1)
0 1 2 71 77 12 (D 0,1,1) (S 74,1,10) (S 77,10,11) (S 66,11,12) (S 1,12,19) (S 47,19,32) (S 64,32,31) (S 104,31,31) (S 9,31,17) (S 5,17,24) (S 30,29,23) (D 0,1,1)
0 1 3 73 93 16 (D 0,1,1) (S 63,1,16) (S 93,16,16) (S 69,16,15) (S 7,15,24) (S 38,24,29) (S 30,29,23) (S 98,23,23) (S 54,23,24) (S 99,24,24) (S 92,15,15) (S 12,23,14) (S 91,14,14) (S 57,28,27) (S 79,36,38) (D 0,1,1)
0 1 4 68 91 16 (D 0,1,1) (S 29,1,9) (S 45,9,13) (S 90,13,13) (S 96,21,21) (S 14,21,20) (S 52,20,25) (S 28,25,26) (S 28,26,25) (S 100,25,25) (S 52,25,20) (S 10,26,34) (S 75,34,35) (S 25,35,43) (S 107,37,37) (D 0,1,1)
0 1 5 70 98 15 (D 0,1,1) (S 43,5,6) (S 88,6,6) (S 19,6,3) (S 37,3,4) (S 37,4,3) (S 86,3,3) (S 85,2,2) (S 43,5,6) (S 87,5,5) (S 41,10,17) (S 94,17,17) (S 95,18,18) (S 103,30,30) (D 0,1,1)
0 1 6 70 94 14 (D 0,1,1) (S 15,9,14) (S 20,28,36) (S 24,36,35) (S 25,35,43) (S 67,43,44) (S 33,44,37) (S 71,37,29) (S 18,29,30) (S 46,30,39) (S 109,39,39) (S 39,39,47) (S 31,47,40) (D 0,1,1)
0 1 7 70 96 14 (D 0,1,1) (S 89,11,11) (S 66,11,12) (S 60,12,7) (S 60,7,12) (S 17,11,18) (S 47,19,32) (S 23,32,40) (S 58,40,39) (S 68,39,38) (S 108,38,38) (S 13,36,44) (S 34,44,45) (D 0,1,1)
0 1 8 69 121 14 (D 0,1,1) (S 16,28,29) (S 102,29,29) (S 80,39,31) (S 64,31,32) (S 6,46,50) (S 115,50,50) (S 114,49,49) (S 32,49,48) (S 4,48,45) (S 36,45,46) (S 112,45,45) (S 8,42,41) (D 0,1,1)
0 1 9 67 137 14 (D 0,1,1) (S 57,28,27) (S 82,27,35) (S 111,43,43) (S 73,43,48) (S 113,48,48) (S 32,48,49) (S 110,42,42) (S 106,34,34) (S 21,26,27) (S 101,28,28) (S 50,25,33) (S 11,7,4) (D 0,1,1)
0 1 10 28 56 4 (D 0,1,1) (S 97,22,22) (S 105,33,33) (D 0,1,1)
