775
10
10356670
4559066
0 1 1 52 58 9 (D 0,1,1) (S 15,1,2) (S 37,2,2) (S 18,2,3) (S 38,3,3) (S 5,3,9) (S 2,9,13) (S 16,4,9) (D 0,1,1)
0 1 2 51 75 9 (D 0,1,1) (S 15,1,2) (S 18,2,3) (S 7,9,8) (S 1,8,12) (S 27,12,18) (S 13,18,19) (S 52,21,21) (D 0,1,1)
0 1 3 49 62 7 (D 0,1,1) (S 6,31,29) (S 31,29,28) (S 24,28,25) (S 4,25,23) (S 53,23,23) (D 0,1,1)
0 1 4 48 66 11 (D 0,1,1) (S 9,31,6) (S 29,6,11) (S 3,11,10) (S 22,10,14) (S 17,14,15) (S 17,15,14) (S 22,14,10) (S 43,10,10) (S 14,10,16) (D 0,1,1)
0 1 5 49 84 12 (D 0,1,1) (S 23,31,5) (S 23,5,31) (S 58,31,31) (S 40,5,5) (S 34,5,6) (S 41,6,6) (S 33,11,12) (S 45,12,12) (S 13,18,19) (S 19,19,22) (D 0,1,1)
0 1 6 50 91 9 (D 0,1,1) (S 57,30,30) (S 10,29,27) (S 11,27,24) (S 54,26,26) (S 56,29,29) (S 44,11,11) (S 16,4,9) (D 0,1,1)
0 1 7 47 98 8 (D 0,1,1) (S 55,28,28) (S 47,16,16) (S 12,16,15) (S 36,16,17) (S 48,17,17) (S 49,18,18) (D 0,1,1)
0 1 8 46 80 5 (D 0,1,1) (S 39,4,4) (S 46,13,13) (S 50,19,19) (D 0,1,1)
0 1 9 50 100 5 (D 0,1,1) (S 25,8,7) (S 42,7,7) (S 8,21,22) (D 0,1,1)
0 1 10 11 61 3 (D 0,1,1) (S 51,20,20) (D 0,1,1)
