1098
10
21444461
15757598
0 1 1 74 97 16 (D 0,1,1) (S 17,1,5) (S 29,5,6) (S 91,6,13) (S 60,13,12) (S 34,12,11) (S 102,11,11) (S 50,11,5) (S 37,5,18) (S 44,18,26) (S 2,26,34) (S 21,34,33) (S 65,40,47) (S 65,47,40) (S 30,40,41) (D 0,1,1)
0 1 2 75 98 18 (D 0,1,1) (S 67,1,2) (S 1,2,7) (S 100,7,7) (S 35,7,13) (S 35,13,7) (S 88,7,8) (S 40,8,9) (S 41,9,16) (S 87,16,24) (S 56,24,23) (S 23,23,15) (S 8,15,16) (S 41,16,9) (S 40,9,8) (S 72,7,6) (S 42,26,30) (D 0,1,1)
0 1 3 74 110 15 (D 0,1,1) (S 77,6,12) (S 6,12,20) (S 31,20,21) (S 52,21,22) (S 4,22,14) (S 105,14,14) (S 13,14,8) (S 101,9,9) (S 18,9,15) (S 33,23,31) (S 57,31,32) (S 57,32,31) (S 90,42,44) (D 0,1,1)
0 1 4 75 113 15 (D 0,1,1) (S 99,6,6) (S 103,12,12) (S 60,12,13) (S 104,13,13) (S 89,20,30) (S 80,30,34) (S 22,34,40) (S 80,34,30) (S 42,30,26) (S 110,26,26) (S 55,26,19) (S 24,19,20) (S 39,41,48) (D 0,1,1)
0 1 5 75 113 16 (D 0,1,1) (S 15,11,19) (S 16,19,18) (S 44,18,26) (S 36,34,35) (S 25,35,36) (S 68,36,42) (S 45,42,43) (S 38,43,45) (S 51,45,50) (S 32,50,49) (S 43,49,41) (S 81,41,35) (S 14,35,27) (S 61,47,46) (D 0,1,1)
0 1 6 75 99 14 (D 0,1,1) (S 28,21,27) (S 111,27,27) (S 26,27,36) (S 68,36,42) (S 49,42,41) (S 43,41,49) (S 5,49,44) (S 19,44,50) (S 85,50,43) (S 38,43,45) (S 58,45,38) (S 70,38,28) (D 0,1,1)
0 1 7 76 128 13 (D 0,1,1) (S 10,2,3) (S 97,3,3) (S 20,3,4) (S 98,4,4) (S 79,10,17) (S 79,17,10) (S 106,17,17) (S 9,17,16) (S 47,24,32) (S 48,32,28) (S 118,44,44) (D 0,1,1)
0 1 8 72 114 13 (D 0,1,1) (S 108,23,23) (S 33,23,31) (S 112,31,31) (S 54,31,37) (S 53,37,36) (S 39,41,48) (S 66,48,49) (S 66,49,48) (S 119,47,47) (S 27,46,33) (S 113,33,33) (D 0,1,1)
0 1 9 73 146 13 (D 0,1,1) (S 76,18,29) (S 7,29,33) (S 116,39,39) (S 12,37,32) (S 64,32,38) (S 93,38,37) (S 114,37,37) (S 11,43,38) (S 115,38,38) (S 70,38,28) (S 51,45,50) (D 0,1,1)
0 1 10 33 80 6 (D 0,1,1) (S 107,22,22) (S 117,43,43) (S 3,28,25) (S 109,24,24) (D 0,1,1)
