1153
9
15892795
8477181
0 1 1 75 120 13 (D 0,1,1) (S 19,1,7) (S 57,7,13) (S 67,13,13) (S 36,13,23) (S 58,23,29) (S 34,29,34) (S 37,34,38) (S 13,38,39) (S 86,39,39) (S 47,39,36) (S 87,40,40) (D 0,1,1)
0 1 2 75 94 16 (D 0,1,1) (S 19,1,7) (S 48,7,8) (S 23,8,2) (S 62,2,2) (S 18,2,3) (S 10,3,9) (S 9,9,8) (S 65,8,8) (S 66,9,9) (S 15,3,4) (S 33,4,10) (S 38,10,15) (S 69,15,15) (S 16,15,16) (D 0,1,1)
0 1 3 76 106 13 (D 0,1,1) (S 15,3,4) (S 63,4,4) (S 55,5,11) (S 2,11,16) (S 16,16,15) (S 5,15,14) (S 68,14,14) (S 25,14,24) (S 4,24,25) (S 27,25,26) (S 31,19,20) (D 0,1,1)
0 1 4 75 112 14 (D 0,1,1) (S 7,10,11) (S 6,11,17) (S 52,17,20) (S 72,20,20) (S 53,20,27) (S 21,27,33) (S 21,33,27) (S 49,27,21) (S 73,21,21) (S 54,22,18) (S 70,17,17) (S 41,11,12) (D 0,1,1)
0 1 5 75 162 11 (D 0,1,1) (S 11,15,25) (S 3,25,31) (S 79,31,31) (S 12,31,30) (S 78,30,30) (S 29,24,23) (S 29,23,24) (S 14,16,19) (S 82,35,35) (D 0,1,1)
0 1 6 75 157 12 (D 0,1,1) (S 41,11,12) (S 26,12,6) (S 26,6,12) (S 8,17,16) (S 71,19,19) (S 20,19,26) (S 22,26,32) (S 80,32,32) (S 32,27,28) (S 45,40,41) (D 0,1,1)
0 1 7 74 160 9 (D 0,1,1) (S 64,5,5) (S 75,24,24) (S 74,23,23) (S 77,29,29) (S 27,25,26) (S 56,22,28) (S 56,28,22) (D 0,1,1)
0 1 8 73 140 13 (D 0,1,1) (S 76,27,27) (S 17,33,37) (S 84,37,37) (S 60,37,36) (S 1,36,40) (S 42,40,39) (S 40,39,35) (S 40,35,39) (S 13,39,38) (S 85,38,38) (S 81,34,34) (D 0,1,1)
0 1 9 30 102 5 (D 0,1,1) (S 43,35,36) (S 83,36,36) (S 88,41,41) (D 0,1,1)
