959
9
9181809
5126646
0 1 1 64 78 13 (D 0,1,1) (S 2,1,8) (S 25,8,13) (S 28,13,16) (S 3,16,21) (S 43,21,20) (S 45,20,16) (S 71,16,16) (S 30,16,12) (S 34,12,11) (S 34,11,12) (S 1,12,13) (D 0,1,1)
0 1 2 65 92 12 (D 0,1,1) (S 20,1,2) (S 35,2,3) (S 35,3,2) (S 56,2,9) (S 29,9,10) (S 12,10,19) (S 21,19,18) (S 44,18,23) (S 24,23,22) (S 39,22,29) (D 0,1,1)
0 1 3 65 102 10 (D 0,1,1) (S 6,1,5) (S 27,5,4) (S 19,4,6) (S 33,6,7) (S 18,7,8) (S 67,8,8) (S 31,8,14) (S 47,22,21) (D 0,1,1)
0 1 4 64 101 10 (D 0,1,1) (S 8,5,8) (S 48,8,15) (S 22,15,9) (S 29,9,10) (S 9,10,3) (S 63,2,2) (S 69,10,10) (S 25,8,13) (D 0,1,1)
0 1 5 66 125 10 (D 0,1,1) (S 31,8,14) (S 14,14,15) (S 17,15,19) (S 38,18,15) (S 68,9,9) (S 40,14,17) (S 40,17,14) (S 39,22,29) (D 0,1,1)
0 1 6 64 106 11 (D 0,1,1) (S 28,13,16) (S 13,16,17) (S 72,17,17) (S 15,17,22) (S 75,22,22) (S 47,22,21) (S 23,21,29) (S 60,25,30) (S 60,30,25) (D 0,1,1)
0 1 7 65 124 11 (D 0,1,1) (S 32,13,14) (S 59,12,7) (S 66,7,7) (S 64,4,4) (S 65,6,6) (S 4,11,20) (S 5,20,24) (S 57,24,21) (S 23,21,29) (D 0,1,1)
0 1 8 63 117 11 (D 0,1,1) (S 70,11,11) (S 73,20,20) (S 7,24,27) (S 16,27,28) (S 54,28,29) (S 41,29,30) (S 78,30,30) (S 41,30,29) (S 26,29,25) (D 0,1,1)
0 1 9 50 114 8 (D 0,1,1) (S 11,21,28) (S 77,28,28) (S 10,28,24) (S 74,21,21) (S 76,26,26) (S 42,26,23) (D 0,1,1)
