303
7
8926287
2443184
0 1 1 20 29 9 (D 0,1,1) (S 6,1,2) (S 24,2,4) (S 4,4,3) (S 12,3,9) (S 5,9,10) (S 10,10,11) (S 34,12,12) (D 0,1,1)
0 1 2 18 36 9 (D 0,1,1) (S 26,3,3) (S 27,4,4) (S 24,4,2) (S 23,5,6) (S 14,6,12) (S 15,12,13) (S 14,12,6) (D 0,1,1)
0 1 3 20 47 8 (D 0,1,1) (S 28,5,5) (S 9,5,10) (S 32,10,10) (S 17,20,23) (S 18,23,24) (S 13,17,18) (D 0,1,1)
0 1 4 20 48 6 (D 0,1,1) (S 1,6,7) (S 29,7,7) (S 30,8,8) (S 37,18,18) (D 0,1,1)
0 1 5 19 39 6 (D 0,1,1) (S 33,11,11) (S 35,15,15) (S 2,16,17) (S 3,17,13) (D 0,1,1)
0 1 6 19 50 8 (D 0,1,1) (S 31,9,9) (S 16,19,20) (S 20,20,21) (S 8,21,24) (S 36,16,16) (S 22,13,14) (D 0,1,1)
0 1 7 19 54 6 (D 0,1,1) (S 17,20,23) (S 38,22,22) (S 11,22,19) (S 7,14,18) (D 0,1,1)
