948
10
17860381
12482172
0 1 1 69 89 19 (D 0,1,1) (S 19,1,15) (S 49,15,23) (S 34,23,24) (S 59,24,29) (S 44,29,23) (S 11,23,28) (S 28,28,27) (S 86,27,27) (S 23,27,35) (S 93,35,35) (S 35,35,43) (S 26,43,48) (S 102,48,48) (S 62,48,49) (S 103,49,49) (S 47,49,50) (S 47,50,49) (D 0,1,1)
0 1 2 70 84 16 (D 0,1,1) (S 31,1,9) (S 73,9,9) (S 4,9,14) (S 27,14,22) (S 27,22,14) (S 78,14,14) (S 44,23,29) (S 6,29,28) (S 7,28,36) (S 94,36,36) (S 33,36,38) (S 24,38,37) (S 21,37,29) (S 25,30,39) (D 0,1,1)
0 1 3 70 117 17 (D 0,1,1) (S 40,1,16) (S 40,16,1) (S 64,5,6) (S 38,6,11) (S 32,11,12) (S 76,12,12) (S 71,7,7) (S 68,4,4) (S 56,3,2) (S 66,2,2) (S 2,5,10) (S 48,10,17) (S 13,17,18) (S 29,18,19) (S 45,26,25) (D 0,1,1)
0 1 4 69 99 12 (D 0,1,1) (S 69,5,5) (S 15,6,3) (S 67,3,3) (S 70,6,6) (S 75,11,11) (S 37,19,32) (S 58,32,31) (S 90,31,31) (S 55,31,39) (S 17,30,38) (D 0,1,1)
0 1 5 70 88 7 (D 0,1,1) (S 74,10,10) (S 81,17,17) (S 14,17,24) (S 84,24,24) (S 88,29,29) (D 0,1,1)
0 1 6 69 89 16 (D 0,1,1) (S 41,16,15) (S 41,15,16) (S 80,16,16) (S 79,15,15) (S 87,28,28) (S 8,27,26) (S 12,26,34) (S 65,34,33) (S 92,33,33) (S 22,33,25) (S 85,25,25) (S 60,25,20) (S 5,20,21) (S 82,21,21) (D 0,1,1)
0 1 7 68 109 11 (D 0,1,1) (S 77,13,13) (S 63,13,8) (S 72,8,8) (S 36,13,22) (S 83,22,22) (S 18,21,13) (S 16,33,41) (S 97,41,41) (S 1,42,43) (D 0,1,1)
0 1 8 69 102 9 (D 0,1,1) (S 89,30,30) (S 20,39,47) (S 50,47,40) (S 10,40,32) (S 91,32,32) (S 20,39,47) (S 96,39,39) (D 0,1,1)
0 1 9 67 109 11 (D 0,1,1) (S 35,35,43) (S 98,43,43) (S 26,43,48) (S 3,45,50) (S 42,46,45) (S 100,45,45) (S 54,44,37) (S 101,46,46) (S 99,44,44) (D 0,1,1)
0 1 10 32 62 5 (D 0,1,1) (S 39,35,34) (S 9,34,42) (S 95,38,38) (D 0,1,1)
