994
9
9527167
4759384
0 1 1 64 85 12 (D 0,1,1) (S 2,1,2) (S 46,2,2) (S 27,2,9) (S 44,9,15) (S 34,15,18) (S 57,18,18) (S 37,18,26) (S 62,26,26) (S 1,26,30) (S 65,30,30) (D 0,1,1)
0 1 2 64 84 11 (D 0,1,1) (S 48,5,5) (S 9,5,8) (S 16,8,13) (S 16,13,8) (S 5,8,7) (S 22,7,12) (S 36,12,11) (S 36,11,12) (S 53,12,12) (D 0,1,1)
0 1 3 65 97 11 (D 0,1,1) (S 30,2,3) (S 7,3,10) (S 31,10,9) (S 31,9,10) (S 8,10,19) (S 10,19,15) (S 12,15,10) (S 27,9,2) (S 24,8,14) (D 0,1,1)
0 1 4 64 109 8 (D 0,1,1) (S 50,8,8) (S 21,13,17) (S 19,17,14) (S 15,14,15) (S 19,14,17) (S 14,17,22) (D 0,1,1)
0 1 5 64 126 7 (D 0,1,1) (S 51,9,9) (S 55,15,15) (S 54,14,14) (S 11,17,18) (S 17,22,29) (D 0,1,1)
0 1 6 65 126 11 (D 0,1,1) (S 32,13,16) (S 20,16,11) (S 52,11,11) (S 38,11,6) (S 23,6,7) (S 49,7,7) (S 39,7,4) (S 47,4,4) (S 43,25,30) (D 0,1,1)
0 1 7 66 121 8 (D 0,1,1) (S 20,11,16) (S 56,16,16) (S 41,21,29) (S 64,29,29) (S 17,29,22) (S 28,22,21) (D 0,1,1)
0 1 8 61 130 8 (D 0,1,1) (S 13,22,25) (S 61,25,25) (S 29,25,29) (S 18,29,30) (S 60,23,23) (S 59,21,21) (D 0,1,1)
0 1 9 53 116 7 (D 0,1,1) (S 58,20,20) (S 3,24,28) (S 4,28,27) (S 6,27,24) (S 63,28,28) (D 0,1,1)
