799
8
6251446
2621783
0 1 1 40 81 10 (D 0,1,1) (S 13,1,3) (S 13,3,1) (S 1,1,2) (S 27,2,2) (S 6,4,3) (S 28,3,3) (S 10,3,9) (S 9,21,15) (D 0,1,1)
0 1 2 39 84 8 (D 0,1,1) (S 29,4,4) (S 3,9,10) (S 11,10,11) (S 4,11,15) (S 14,15,16) (S 9,15,21) (D 0,1,1)
0 1 3 40 87 7 (D 0,1,1) (S 34,9,9) (S 20,9,19) (S 2,19,22) (S 42,22,22) (S 7,20,21) (D 0,1,1)
0 1 4 40 89 8 (D 0,1,1) (S 12,5,11) (S 12,11,5) (S 30,5,5) (S 11,11,10) (S 16,10,20) (S 41,21,21) (D 0,1,1)
0 1 5 40 121 7 (D 0,1,1) (S 19,19,20) (S 40,20,20) (S 22,21,24) (S 44,24,24) (S 36,14,14) (D 0,1,1)
0 1 6 40 106 8 (D 0,1,1) (S 37,15,15) (S 38,16,16) (S 18,16,12) (S 8,12,6) (S 32,7,7) (S 15,14,13) (D 0,1,1)
0 1 7 38 115 7 (D 0,1,1) (S 43,23,23) (S 17,17,13) (S 17,13,17) (S 5,17,18) (S 39,18,18) (D 0,1,1)
0 1 8 32 116 5 (D 0,1,1) (S 35,12,12) (S 31,6,6) (S 33,8,8) (D 0,1,1)
