978
9
9316970
4908531
0 1 1 65 81 8 (D 0,1,1) (S 11,1,5) (S 7,5,8) (S 21,8,14) (S 21,14,8) (S 55,8,8) (S 23,7,4) (D 0,1,1)
0 1 2 63 82 11 (D 0,1,1) (S 34,5,4) (S 52,4,4) (S 46,7,6) (S 42,6,11) (S 18,11,12) (S 18,12,11) (S 17,11,16) (S 3,16,17) (S 19,17,14) (D 0,1,1)
0 1 3 65 114 9 (D 0,1,1) (S 50,2,2) (S 2,3,10) (S 9,10,15) (S 24,15,9) (S 56,9,9) (S 24,9,15) (S 68,25,25) (D 0,1,1)
0 1 4 65 114 10 (D 0,1,1) (S 51,3,3) (S 20,10,9) (S 20,9,10) (S 13,10,19) (S 4,19,15) (S 59,15,15) (S 15,15,14) (S 43,22,29) (D 0,1,1)
0 1 5 65 92 13 (D 0,1,1) (S 37,8,13) (S 30,13,16) (S 26,16,20) (S 32,20,21) (S 64,21,21) (S 48,21,29) (S 27,29,30) (S 72,30,30) (S 27,30,29) (S 71,29,29) (S 47,29,25) (D 0,1,1)
0 1 6 64 116 13 (D 0,1,1) (S 29,13,14) (S 58,14,14) (S 1,17,22) (S 43,22,29) (S 33,29,28) (S 5,28,21) (S 38,21,22) (S 65,22,22) (S 16,30,26) (S 44,26,23) (S 6,13,12) (D 0,1,1)
0 1 7 64 128 9 (D 0,1,1) (S 54,7,7) (S 28,7,12) (S 57,12,12) (S 17,11,16) (S 60,16,16) (S 8,11,20) (S 53,6,6) (D 0,1,1)
0 1 8 63 121 9 (D 0,1,1) (S 61,17,17) (S 14,17,18) (S 41,18,23) (S 66,23,23) (S 25,18,26) (S 32,21,20) (S 12,20,24) (D 0,1,1)
0 1 9 52 130 8 (D 0,1,1) (S 62,18,18) (S 10,24,27) (S 69,27,27) (S 63,20,20) (S 67,24,24) (S 70,28,28) (D 0,1,1)
