1151
9
13639162
8794382
0 1 1 74 97 15 (D 0,1,1) (S 22,1,7) (S 42,7,8) (S 17,8,2) (S 67,2,2) (S 21,2,1) (S 17,2,8) (S 42,8,7) (S 28,7,13) (S 77,13,13) (S 14,13,14) (S 38,15,10) (S 24,15,16) (S 18,16,19) (D 0,1,1)
0 1 2 75 134 14 (D 0,1,1) (S 40,3,4) (S 69,4,4) (S 40,4,3) (S 68,3,3) (S 9,3,9) (S 5,9,14) (S 53,14,23) (S 62,23,29) (S 66,29,30) (S 11,30,31) (S 26,35,34) (S 15,39,40) (D 0,1,1)
0 1 3 74 122 13 (D 0,1,1) (S 74,9,9) (S 73,8,8) (S 72,7,7) (S 75,10,10) (S 79,15,15) (S 10,15,25) (S 2,25,24) (S 34,24,23) (S 23,23,13) (S 85,23,23) (S 18,16,19) (D 0,1,1)
0 1 4 75 140 12 (D 0,1,1) (S 78,14,14) (S 30,14,24) (S 86,24,24) (S 7,25,31) (S 27,31,32) (S 41,32,36) (S 32,36,35) (S 26,35,34) (S 92,34,34) (S 15,39,40) (D 0,1,1)
0 1 5 75 120 12 (D 0,1,1) (S 31,11,12) (S 31,12,11) (S 39,11,5) (S 70,5,5) (S 71,6,6) (S 76,12,12) (S 13,11,16) (S 1,16,17) (S 80,17,17) (S 8,17,18) (D 0,1,1)
0 1 6 75 117 15 (D 0,1,1) (S 12,11,17) (S 49,17,20) (S 3,20,21) (S 63,21,27) (S 46,27,20) (S 45,20,19) (S 82,19,19) (S 54,26,25) (S 54,25,26) (S 20,26,32) (S 6,32,27) (S 88,27,27) (S 33,27,26) (D 0,1,1)
0 1 7 73 170 12 (D 0,1,1) (S 81,18,18) (S 19,22,28) (S 36,28,27) (S 83,21,21) (S 84,22,22) (S 20,32,26) (S 87,26,26) (S 41,32,36) (S 59,36,37) (S 58,41,40) (D 0,1,1)
0 1 8 74 125 13 (D 0,1,1) (S 43,29,34) (S 55,34,38) (S 56,38,39) (S 44,39,36) (S 94,36,36) (S 4,36,40) (S 95,39,39) (S 50,39,35) (S 93,35,35) (S 43,34,29) (S 89,30,30) (D 0,1,1)
0 1 9 32 126 8 (D 0,1,1) (S 90,31,31) (S 47,33,37) (S 29,37,41) (S 96,41,41) (S 56,39,38) (S 91,33,33) (D 0,1,1)
