1111
10
19390516
13798965
0 1 1 75 102 19 (D 0,1,1) (S 33,1,6) (S 27,6,7) (S 48,7,13) (S 1,13,14) (S 4,14,15) (S 2,15,9) (S 23,9,16) (S 23,16,9) (S 39,9,8) (S 70,8,8) (S 28,8,7) (S 28,7,8) (S 39,8,9) (S 71,9,9) (S 9,9,3) (S 48,7,13) (S 32,26,30) (D 0,1,1)
0 1 2 74 110 12 (D 0,1,1) (S 33,1,6) (S 27,6,7) (S 65,2,2) (S 21,2,3) (S 66,3,3) (S 67,4,4) (S 49,10,17) (S 49,17,10) (S 78,17,17) (S 25,24,23) (D 0,1,1)
0 1 3 75 95 13 (D 0,1,1) (S 57,6,13) (S 57,13,6) (S 69,6,6) (S 11,6,5) (S 50,5,11) (S 17,11,19) (S 80,19,19) (S 46,19,26) (S 87,26,26) (S 22,30,34) (S 100,40,40) (D 0,1,1)
0 1 4 76 119 15 (D 0,1,1) (S 61,12,13) (S 74,13,13) (S 73,12,12) (S 81,20,20) (S 13,21,27) (S 3,27,35) (S 29,35,41) (S 26,41,48) (S 108,48,48) (S 26,48,41) (S 5,41,40) (S 94,34,34) (S 52,44,42) (D 0,1,1)
0 1 5 74 111 11 (D 0,1,1) (S 68,5,5) (S 72,11,11) (S 44,18,29) (S 14,29,33) (S 6,33,46) (S 106,46,46) (S 107,47,47) (S 19,47,48) (S 51,48,49) (D 0,1,1)
0 1 6 74 103 13 (D 0,1,1) (S 75,14,14) (S 76,15,15) (S 16,15,16) (S 41,16,24) (S 85,24,24) (S 7,24,25) (S 86,25,25) (S 55,28,32) (S 92,32,32) (S 45,31,23) (S 91,31,31) (D 0,1,1)
0 1 7 75 130 13 (D 0,1,1) (S 60,21,22) (S 35,22,31) (S 45,31,23) (S 84,23,23) (S 83,22,22) (S 82,21,21) (S 88,27,27) (S 90,30,30) (S 15,34,40) (S 101,41,41) (S 104,44,44) (D 0,1,1)
0 1 8 74 130 15 (D 0,1,1) (S 79,18,18) (S 12,34,33) (S 93,33,33) (S 99,39,39) (S 31,41,42) (S 102,42,42) (S 10,44,50) (S 110,50,50) (S 58,50,45) (S 37,45,43) (S 38,43,37) (S 36,37,31) (S 24,37,36) (D 0,1,1)
0 1 9 71 129 13 (D 0,1,1) (S 77,16,16) (S 62,28,38) (S 98,38,38) (S 34,38,32) (S 97,37,37) (S 20,36,35) (S 95,35,35) (S 96,36,36) (S 18,44,49) (S 109,49,49) (S 30,50,43) (D 0,1,1)
0 1 10 36 82 6 (D 0,1,1) (S 103,43,43) (S 8,43,38) (S 105,45,45) (S 89,28,28) (D 0,1,1)
