639
9
6295439
2470601
0 1 1 45 72 7 (D 0,1,1) (S 2,1,20) (S 17,20,15) (S 26,15,21) (S 39,21,21) (S 22,2,4) (D 0,1,1)
0 1 2 45 65 9 (D 0,1,1) (S 19,1,19) (S 21,19,9) (S 33,9,9) (S 3,3,10) (S 24,10,2) (S 29,4,4) (S 12,11,12) (D 0,1,1)
0 1 3 45 59 7 (D 0,1,1) (S 16,1,11) (S 34,11,11) (S 8,11,6) (S 1,6,12) (S 9,16,17) (D 0,1,1)
0 1 4 44 64 7 (D 0,1,1) (S 30,5,5) (S 13,5,6) (S 31,6,6) (S 18,12,17) (S 10,17,13) (D 0,1,1)
0 1 5 45 111 5 (D 0,1,1) (S 38,19,19) (S 40,22,22) (S 37,18,18) (D 0,1,1)
0 1 6 43 65 9 (D 0,1,1) (S 14,20,21) (S 11,21,24) (S 7,24,23) (S 11,24,21) (S 20,15,16) (S 4,16,12) (S 17,15,20) (D 0,1,1)
0 1 7 42 88 5 (D 0,1,1) (S 28,3,3) (S 27,2,2) (S 5,13,14) (D 0,1,1)
0 1 8 40 73 6 (D 0,1,1) (S 32,7,7) (S 15,8,14) (S 35,14,14) (S 6,14,18) (D 0,1,1)
0 1 9 10 42 3 (D 0,1,1) (S 36,17,17) (D 0,1,1)
