649
9
9827089
2581342
0 1 1 46 70 13 (D 0,1,1) (S 4,1,20) (S 42,20,20) (S 11,20,15) (S 21,15,16) (S 20,16,17) (S 16,17,12) (S 36,12,12) (S 6,12,16) (S 20,16,17) (S 40,18,18) (S 30,4,4) (D 0,1,1)
0 1 2 44 52 9 (D 0,1,1) (S 1,1,5) (S 2,5,2) (S 29,2,2) (S 24,2,4) (S 3,4,3) (S 7,3,10) (S 34,10,10) (D 0,1,1)
0 1 3 42 59 8 (D 0,1,1) (S 18,1,19) (S 19,19,9) (S 19,9,19) (S 8,9,3) (S 13,9,1) (S 26,5,4) (D 0,1,1)
0 1 4 42 68 6 (D 0,1,1) (S 12,1,11) (S 35,11,11) (S 31,5,5) (S 15,20,21) (D 0,1,1)
0 1 5 44 100 6 (D 0,1,1) (S 41,19,19) (S 9,22,23) (S 44,23,23) (S 16,12,17) (D 0,1,1)
0 1 6 44 95 8 (D 0,1,1) (S 17,21,24) (S 17,24,21) (S 5,21,23) (S 43,21,21) (S 28,21,15) (S 14,6,7) (D 0,1,1)
0 1 7 45 81 4 (D 0,1,1) (S 32,6,6) (S 10,8,14) (D 0,1,1)
0 1 8 38 71 5 (D 0,1,1) (S 33,7,7) (S 37,13,13) (S 39,17,17) (D 0,1,1)
0 1 9 13 53 3 (D 0,1,1) (S 38,14,14) (D 0,1,1)
