779
8
7784879
2935950
0 1 1 40 62 9 (D 0,1,1) (S 9,1,2) (S 6,2,4) (S 5,4,5) (S 14,5,11) (S 8,11,15) (S 21,15,16) (S 21,16,15) (D 0,1,1)
0 1 2 39 72 9 (D 0,1,1) (S 17,1,3) (S 37,3,3) (S 17,3,1) (S 12,3,9) (S 3,9,10) (S 29,10,11) (S 24,15,21) (D 0,1,1)
0 1 3 40 72 7 (D 0,1,1) (S 12,3,9) (S 16,9,19) (S 16,19,9) (S 7,10,5) (S 14,5,11) (D 0,1,1)
0 1 4 39 105 9 (D 0,1,1) (S 23,10,20) (S 1,20,21) (S 20,21,24) (S 48,24,24) (S 20,24,21) (S 42,15,15) (S 19,18,14) (D 0,1,1)
0 1 5 40 145 10 (D 0,1,1) (S 23,10,20) (S 34,20,23) (S 22,23,22) (S 47,22,22) (S 15,23,24) (S 46,20,20) (S 11,17,13) (S 39,7,7) (D 0,1,1)
0 1 6 39 106 6 (D 0,1,1) (S 45,19,19) (S 35,11,12) (S 2,12,13) (S 26,13,14) (D 0,1,1)
0 1 7 40 101 7 (D 0,1,1) (S 40,11,11) (S 13,16,12) (S 41,12,12) (S 11,13,17) (S 4,17,16) (D 0,1,1)
0 1 8 32 116 7 (D 0,1,1) (S 43,17,17) (S 44,18,18) (S 10,14,8) (S 18,8,7) (S 38,6,6) (D 0,1,1)
