1121
9
13411390
8625884
0 1 1 75 91 15 (D 0,1,1) (S 19,1,7) (S 19,7,1) (S 37,2,3) (S 37,3,2) (S 50,2,8) (S 61,8,8) (S 1,9,14) (S 3,14,15) (S 20,15,10) (S 41,10,4) (S 59,4,4) (S 6,4,5) (S 5,10,9) (D 0,1,1)
0 1 2 75 108 16 (D 0,1,1) (S 57,2,2) (S 58,3,3) (S 11,3,9) (S 20,10,15) (S 17,15,16) (S 67,16,16) (S 12,16,19) (S 70,19,19) (S 39,19,20) (S 24,20,27) (S 16,27,28) (S 46,28,22) (S 12,19,16) (S 60,7,7) (D 0,1,1)
0 1 3 75 116 11 (D 0,1,1) (S 62,10,10) (S 66,15,15) (S 14,14,13) (S 65,13,13) (S 26,13,23) (S 26,23,13) (S 14,13,14) (S 34,24,23) (S 77,29,29) (D 0,1,1)
0 1 4 73 104 11 (D 0,1,1) (S 45,14,24) (S 73,24,24) (S 45,24,14) (S 8,24,30) (S 56,30,29) (S 27,29,34) (S 27,34,29) (S 28,29,23) (S 72,23,23) (D 0,1,1)
0 1 5 75 115 9 (D 0,1,1) (S 63,11,11) (S 4,11,17) (S 68,17,17) (S 71,20,20) (S 24,20,27) (S 75,27,27) (S 18,32,26) (D 0,1,1)
0 1 6 74 166 13 (D 0,1,1) (S 44,11,5) (S 2,5,6) (S 47,6,12) (S 64,12,12) (S 30,12,11) (S 30,11,12) (S 69,18,18) (S 7,22,21) (S 76,28,28) (S 32,32,36) (S 48,40,39) (D 0,1,1)
0 1 7 73 149 14 (D 0,1,1) (S 10,25,31) (S 36,31,32) (S 18,32,26) (S 40,26,25) (S 74,26,26) (S 80,32,32) (S 81,33,33) (S 22,33,37) (S 49,37,41) (S 53,41,40) (S 87,40,40) (S 9,40,36) (D 0,1,1)
0 1 8 75 149 10 (D 0,1,1) (S 78,30,30) (S 79,31,31) (S 82,35,35) (S 13,35,39) (S 86,39,39) (S 25,39,38) (S 21,38,34) (S 15,34,35) (D 0,1,1)
0 1 9 28 123 6 (D 0,1,1) (S 83,36,36) (S 31,36,37) (S 84,37,37) (S 85,38,38) (D 0,1,1)
