1022
9
17148167
6514627
0 1 1 76 110 13 (D 0,1,1) (S 13,1,2) (S 12,2,13) (S 34,13,7) (S 35,7,1) (S 21,6,7) (S 34,7,13) (S 4,13,12) (S 16,12,6) (S 21,6,7) (S 69,7,7) (S 43,20,26) (D 0,1,1)
0 1 2 75 100 10 (D 0,1,1) (S 22,6,18) (S 42,18,12) (S 74,12,12) (S 5,13,19) (S 76,19,19) (S 48,19,20) (S 43,20,26) (S 79,26,26) (D 0,1,1)
0 1 3 75 103 15 (D 0,1,1) (S 68,6,6) (S 10,13,14) (S 2,14,15) (S 26,15,9) (S 71,9,9) (S 26,9,15) (S 40,15,16) (S 3,16,10) (S 31,10,11) (S 31,11,10) (S 33,10,3) (S 24,3,4) (S 17,4,10) (D 0,1,1)
0 1 4 73 119 13 (D 0,1,1) (S 65,2,2) (S 25,2,3) (S 66,3,3) (S 72,10,10) (S 57,16,23) (S 20,23,22) (S 50,22,28) (S 37,28,27) (S 37,27,28) (S 61,28,34) (S 86,34,34) (D 0,1,1)
0 1 5 75 110 13 (D 0,1,1) (S 23,18,29) (S 1,29,30) (S 41,30,25) (S 28,25,29) (S 28,29,25) (S 15,25,26) (S 9,26,31) (S 53,31,32) (S 84,32,32) (S 49,32,27) (S 80,27,27) (D 0,1,1)
0 1 6 73 122 13 (D 0,1,1) (S 14,19,25) (S 48,19,20) (S 51,20,21) (S 54,21,15) (S 7,15,22) (S 19,22,21) (S 54,21,15) (S 62,14,20) (S 75,14,14) (S 29,8,9) (S 70,8,8) (D 0,1,1)
0 1 7 74 143 13 (D 0,1,1) (S 82,29,29) (S 11,30,31) (S 83,30,30) (S 85,33,33) (S 55,34,24) (S 47,24,11) (S 73,11,11) (S 30,11,17) (S 30,17,11) (S 39,11,5) (S 39,5,11) (D 0,1,1)
0 1 8 65 129 10 (D 0,1,1) (S 77,21,21) (S 18,23,24) (S 56,24,17) (S 6,17,16) (S 56,17,24) (S 78,24,24) (S 8,23,28) (S 81,28,28) (D 0,1,1)
0 1 9 31 86 4 (D 0,1,1) (S 67,4,4) (S 32,4,5) (D 0,1,1)
