842
9
12478583
7451726
0 1 1 64 66 13 (D 0,1,1) (S 3,1,10) (S 45,10,9) (S 52,9,9) (S 31,9,15) (S 16,15,16) (S 16,16,15) (S 13,15,14) (S 1,14,8) (S 15,8,1) (S 22,1,2) (S 46,2,2) (D 0,1,1)
0 1 2 65 78 9 (D 0,1,1) (S 7,1,35) (S 40,35,34) (S 14,34,33) (S 21,33,26) (S 11,26,27) (S 62,27,27) (S 69,35,35) (D 0,1,1)
0 1 3 64 90 13 (D 0,1,1) (S 19,1,40) (S 74,40,40) (S 27,40,8) (S 51,8,8) (S 28,8,9) (S 29,2,3) (S 24,3,37) (S 44,37,30) (S 65,30,30) (S 34,30,31) (S 66,31,31) (D 0,1,1)
0 1 4 64 76 9 (D 0,1,1) (S 5,2,36) (S 70,36,36) (S 9,36,35) (S 23,2,6) (S 37,6,12) (S 18,12,11) (S 53,11,11) (D 0,1,1)
0 1 5 65 92 10 (D 0,1,1) (S 50,6,6) (S 17,6,7) (S 6,7,13) (S 55,13,13) (S 43,18,17) (S 57,17,17) (S 39,17,20) (S 26,24,21) (D 0,1,1)
0 1 6 63 94 13 (D 0,1,1) (S 18,11,12) (S 54,12,12) (S 36,3,4) (S 48,4,4) (S 41,4,5) (S 49,5,5) (S 20,39,38) (S 2,38,31) (S 25,38,37) (S 71,37,37) (S 72,38,38) (D 0,1,1)
0 1 7 65 134 8 (D 0,1,1) (S 68,33,33) (S 61,26,26) (S 63,28,28) (S 56,16,16) (S 47,3,3) (S 20,38,39) (D 0,1,1)
0 1 8 64 105 9 (D 0,1,1) (S 64,29,29) (S 58,18,18) (S 12,18,22) (S 4,22,25) (S 8,25,24) (S 26,24,21) (S 30,21,22) (D 0,1,1)
0 1 9 43 107 8 (D 0,1,1) (S 30,22,21) (S 59,21,21) (S 10,20,23) (S 60,23,23) (S 73,39,39) (S 67,32,32) (D 0,1,1)
