1080
9
20460630
9652523
0 1 1 75 98 11 (D 0,1,1) (S 33,1,7) (S 49,7,6) (S 5,6,12) (S 36,12,18) (S 20,18,19) (S 1,19,12) (S 59,12,12) (S 2,13,14) (S 34,15,9) (D 0,1,1)
0 1 2 75 129 9 (D 0,1,1) (S 53,6,6) (S 54,7,7) (S 60,13,13) (S 15,13,2) (S 46,2,8) (S 55,8,8) (S 13,22,23) (D 0,1,1)
0 1 3 75 120 11 (D 0,1,1) (S 50,2,2) (S 48,8,9) (S 6,9,10) (S 57,10,10) (S 32,10,3) (S 51,3,3) (S 40,3,4) (S 3,4,11) (S 16,11,5) (D 0,1,1)
0 1 4 75 116 12 (D 0,1,1) (S 12,13,19) (S 14,19,25) (S 29,25,29) (S 28,29,18) (S 64,18,18) (S 73,29,29) (S 74,30,30) (S 39,30,25) (S 7,25,26) (S 25,26,20) (D 0,1,1)
0 1 5 76 111 11 (D 0,1,1) (S 37,19,20) (S 25,20,26) (S 70,26,26) (S 65,20,20) (S 30,20,14) (S 61,14,14) (S 8,14,15) (S 62,15,15) (S 24,15,21) (D 0,1,1)
0 1 6 74 147 15 (D 0,1,1) (S 69,25,25) (S 39,25,30) (S 21,31,32) (S 75,32,32) (S 21,32,31) (S 23,32,33) (S 23,33,32) (S 71,27,27) (S 9,27,21) (S 66,21,21) (S 45,22,28) (S 4,28,23) (S 19,28,34) (D 0,1,1)
0 1 7 75 153 14 (D 0,1,1) (S 56,9,9) (S 17,10,11) (S 35,11,17) (S 27,17,24) (S 26,24,34) (S 76,34,34) (S 19,34,28) (S 72,28,28) (S 11,28,33) (S 10,33,34) (S 67,23,23) (S 16,11,5) (D 0,1,1)
0 1 8 74 144 8 (D 0,1,1) (S 17,10,11) (S 58,11,11) (S 44,5,4) (S 52,4,4) (S 47,16,23) (S 68,24,24) (D 0,1,1)
0 1 9 17 62 3 (D 0,1,1) (S 63,16,16) (D 0,1,1)
