964
10
18501591
13038097
0 1 1 71 86 15 (D 0,1,1) (S 50,1,16) (S 47,16,17) (S 20,17,24) (S 76,24,23) (S 22,23,28) (S 6,28,36) (S 65,36,38) (S 107,38,38) (S 65,38,36) (S 15,36,44) (S 42,44,43) (S 42,43,44) (S 27,44,45) (D 0,1,1)
0 1 2 70 81 17 (D 0,1,1) (S 37,1,5) (S 2,5,2) (S 74,2,3) (S 66,3,4) (S 12,4,7) (S 82,7,7) (S 43,7,12) (S 29,12,11) (S 57,11,10) (S 85,10,10) (S 5,10,5) (S 80,5,5) (S 37,5,1) (S 54,5,6) (S 48,6,11) (D 0,1,1)
0 1 3 70 94 12 (D 0,1,1) (S 21,9,14) (S 88,14,14) (S 32,14,22) (S 73,22,13) (S 30,13,8) (S 83,8,8) (S 84,9,9) (S 32,14,22) (S 94,22,22) (S 75,20,25) (D 0,1,1)
0 1 4 70 86 19 (D 0,1,1) (S 35,15,16) (S 90,16,16) (S 35,16,15) (S 63,15,23) (S 59,23,29) (S 71,29,24) (S 96,24,24) (S 24,24,30) (S 61,30,39) (S 33,39,31) (S 102,31,31) (S 49,31,32) (S 56,32,19) (S 1,19,12) (S 86,12,12) (S 11,11,18) (S 92,18,18) (D 0,1,1)
0 1 5 70 91 16 (D 0,1,1) (S 31,10,17) (S 28,17,30) (S 10,30,38) (S 8,38,46) (S 113,46,46) (S 13,46,50) (S 116,50,50) (S 4,50,45) (S 25,45,49) (S 115,49,49) (S 26,49,48) (S 26,48,49) (S 25,49,45) (S 67,37,38) (D 0,1,1)
0 1 6 72 114 16 (D 0,1,1) (S 31,10,17) (S 16,17,18) (S 91,17,17) (S 48,11,6) (S 81,6,6) (S 78,2,2) (S 79,3,3) (S 18,15,24) (S 95,23,23) (S 59,23,29) (S 23,29,37) (S 23,37,29) (S 101,30,30) (S 98,27,27) (D 0,1,1)
0 1 7 69 112 12 (D 0,1,1) (S 89,15,15) (S 99,28,28) (S 9,28,29) (S 100,29,29) (S 33,39,31) (S 3,32,40) (S 103,32,32) (S 40,39,47) (S 114,47,47) (S 14,36,35) (D 0,1,1)
0 1 8 68 99 13 (D 0,1,1) (S 87,13,13) (S 7,21,22) (S 19,21,26) (S 97,26,26) (S 41,26,25) (S 41,25,26) (S 36,25,33) (S 58,33,34) (S 105,34,34) (S 68,35,27) (S 36,25,33) (D 0,1,1)
0 1 9 69 124 11 (D 0,1,1) (S 93,20,20) (S 104,33,33) (S 106,35,35) (S 53,43,48) (S 17,48,45) (S 112,44,44) (S 111,43,43) (S 53,43,48) (S 110,42,42) (D 0,1,1)
0 1 10 28 77 5 (D 0,1,1) (S 108,39,39) (S 40,39,47) (S 109,41,41) (D 0,1,1)
