825
8
6805689
3024881
0 1 1 40 93 9 (D 0,1,1) (S 5,1,2) (S 25,2,2) (S 2,4,3) (S 26,3,3) (S 11,3,9) (S 8,3,1) (S 20,15,21) (D 0,1,1)
0 1 2 40 82 6 (D 0,1,1) (S 4,4,5) (S 7,5,10) (S 6,10,9) (S 14,20,23) (D 0,1,1)
0 1 3 39 79 8 (D 0,1,1) (S 21,9,19) (S 1,19,22) (S 38,22,22) (S 17,23,24) (S 16,24,21) (S 3,15,11) (D 0,1,1)
0 1 4 40 80 7 (D 0,1,1) (S 10,5,11) (S 10,11,5) (S 9,11,12) (S 30,12,12) (S 12,11,10) (D 0,1,1)
0 1 5 39 100 6 (D 0,1,1) (S 29,10,10) (S 37,20,20) (S 14,20,23) (S 19,15,16) (D 0,1,1)
0 1 6 40 129 7 (D 0,1,1) (S 36,19,19) (S 39,23,23) (S 32,15,15) (S 13,17,13) (S 15,18,14) (D 0,1,1)
0 1 7 40 118 8 (D 0,1,1) (S 33,16,16) (S 34,17,17) (S 13,17,13) (S 35,18,18) (S 31,14,14) (S 24,8,7) (D 0,1,1)
0 1 8 33 144 5 (D 0,1,1) (S 40,24,24) (S 28,8,8) (S 27,6,6) (D 0,1,1)
