260
7
9832010
2554073
0 1 1 20 29 8 (D 0,1,1) (S 10,1,2) (S 30,2,2) (S 1,4,3) (S 31,3,3) (S 32,4,4) (S 22,4,5) (D 0,1,1)
0 1 2 20 29 6 (D 0,1,1) (S 33,5,5) (S 36,10,10) (S 6,10,9) (S 35,9,9) (D 0,1,1)
0 1 3 22 36 10 (D 0,1,1) (S 8,10,11) (S 37,11,11) (S 21,11,12) (S 17,12,6) (S 17,6,12) (S 21,12,11) (S 38,15,15) (S 4,15,21) (D 0,1,1)
0 1 4 20 36 7 (D 0,1,1) (S 7,6,7) (S 20,7,8) (S 5,8,14) (S 25,14,13) (S 13,13,12) (D 0,1,1)
0 1 5 20 36 8 (D 0,1,1) (S 3,9,19) (S 40,19,19) (S 19,19,22) (S 11,22,23) (S 16,23,20) (S 16,20,23) (D 0,1,1)
0 1 6 20 49 10 (D 0,1,1) (S 29,12,16) (S 2,16,17) (S 39,17,17) (S 28,17,18) (S 9,18,14) (S 34,8,8) (S 13,12,13) (S 15,15,16) (D 0,1,1)
0 1 7 17 45 6 (D 0,1,1) (S 23,20,21) (S 41,21,21) (S 14,24,23) (S 12,13,17) (D 0,1,1)
