843
9
12470184
7839523
0 1 1 65 79 11 (D 0,1,1) (S 23,1,8) (S 40,8,9) (S 40,9,8) (S 7,8,14) (S 63,14,14) (S 28,15,16) (S 36,16,10) (S 60,10,10) (S 39,10,9) (D 0,1,1)
0 1 2 65 84 12 (D 0,1,1) (S 19,1,11) (S 31,11,12) (S 62,12,12) (S 31,12,11) (S 61,11,11) (S 30,1,40) (S 30,40,1) (S 37,1,2) (S 37,2,1) (S 54,3,3) (D 0,1,1)
0 1 3 64 79 14 (D 0,1,1) (S 15,1,6) (S 57,6,6) (S 50,6,7) (S 58,7,7) (S 13,7,3) (S 34,3,4) (S 55,4,4) (S 41,3,2) (S 21,2,6) (S 21,6,2) (S 11,2,36) (S 38,37,3) (D 0,1,1)
0 1 4 64 101 10 (D 0,1,1) (S 59,8,8) (S 39,9,10) (S 22,35,34) (S 22,34,35) (S 77,35,35) (S 5,35,36) (S 78,36,36) (S 20,37,30) (D 0,1,1)
0 1 5 64 80 8 (D 0,1,1) (S 44,33,26) (S 2,26,27) (S 4,27,34) (S 6,34,33) (S 76,33,33) (S 12,34,26) (D 0,1,1)
0 1 6 65 90 13 (D 0,1,1) (S 46,36,37) (S 79,37,37) (S 35,37,31) (S 25,31,30) (S 16,30,29) (S 9,29,36) (S 80,38,38) (S 33,38,39) (S 3,39,32) (S 17,39,5) (S 33,39,38) (D 0,1,1)
0 1 7 63 109 15 (D 0,1,1) (S 65,16,16) (S 64,15,15) (S 42,17,20) (S 68,20,20) (S 26,20,21) (S 29,21,24) (S 71,24,24) (S 10,24,23) (S 14,25,22) (S 27,22,21) (S 69,21,21) (S 70,22,22) (S 24,18,13) (D 0,1,1)
0 1 8 64 102 8 (D 0,1,1) (S 8,13,19) (S 24,18,13) (S 67,18,18) (S 18,18,17) (S 66,17,17) (S 1,38,31) (D 0,1,1)
0 1 9 45 119 7 (D 0,1,1) (S 72,27,27) (S 73,28,28) (S 74,31,31) (S 56,5,5) (S 75,32,32) (D 0,1,1)
