769
8
6195724
2536498
0 1 1 40 84 9 (D 0,1,1) (S 27,1,3) (S 1,3,4) (S 2,4,2) (S 32,2,2) (S 34,4,4) (S 15,3,9) (S 12,21,15) (D 0,1,1)
0 1 2 40 84 8 (D 0,1,1) (S 33,3,3) (S 37,9,9) (S 5,9,10) (S 38,10,10) (S 31,20,23) (S 12,21,15) (D 0,1,1)
0 1 3 39 98 8 (D 0,1,1) (S 16,9,19) (S 6,19,22) (S 17,22,23) (S 11,23,24) (S 45,24,24) (S 40,13,13) (D 0,1,1)
0 1 4 40 83 7 (D 0,1,1) (S 35,5,5) (S 28,5,11) (S 24,11,10) (S 21,10,20) (S 44,23,23) (D 0,1,1)
0 1 5 40 103 6 (D 0,1,1) (S 19,19,20) (S 43,20,20) (S 17,23,22) (S 11,23,24) (D 0,1,1)
0 1 6 40 108 8 (D 0,1,1) (S 39,11,11) (S 22,11,12) (S 3,12,13) (S 42,17,17) (S 14,16,15) (S 25,18,14) (D 0,1,1)
0 1 7 40 93 7 (D 0,1,1) (S 9,11,15) (S 14,15,16) (S 18,16,12) (S 23,12,6) (S 7,6,7) (D 0,1,1)
0 1 8 31 116 8 (D 0,1,1) (S 10,21,24) (S 8,16,17) (S 4,14,8) (S 26,8,7) (S 36,8,8) (S 41,14,14) (D 0,1,1)
