1067
9
10511034
6405033
0 1 1 72 104 11 (D 0,1,1) (S 30,1,6) (S 33,6,18) (S 27,18,12) (S 14,12,19) (S 77,19,19) (S 42,19,20) (S 24,20,26) (S 17,26,27) (S 32,27,32) (D 0,1,1)
0 1 2 75 115 12 (D 0,1,1) (S 46,1,7) (S 25,7,13) (S 20,13,12) (S 27,12,18) (S 63,18,29) (S 1,29,30) (S 49,30,25) (S 81,25,25) (S 40,25,29) (S 45,31,32) (D 0,1,1)
0 1 3 75 123 13 (D 0,1,1) (S 46,1,7) (S 36,7,6) (S 30,6,1) (S 8,1,2) (S 69,2,2) (S 38,2,3) (S 54,3,10) (S 18,10,4) (S 2,4,11) (S 50,11,5) (S 15,23,22) (D 0,1,1)
0 1 4 76 119 12 (D 0,1,1) (S 4,6,12) (S 74,13,13) (S 56,14,20) (S 24,20,26) (S 16,26,31) (S 9,31,30) (S 45,31,32) (S 28,32,33) (S 84,33,33) (S 28,33,32) (D 0,1,1)
0 1 5 75 109 13 (D 0,1,1) (S 71,7,7) (S 56,14,20) (S 47,20,21) (S 35,21,15) (S 75,15,15) (S 7,15,22) (S 39,22,28) (S 3,28,23) (S 79,23,23) (S 61,23,16) (S 54,10,3) (D 0,1,1)
0 1 6 74 116 13 (D 0,1,1) (S 41,2,8) (S 21,8,14) (S 13,14,15) (S 64,15,16) (S 5,16,10) (S 22,10,11) (S 48,11,24) (S 37,24,17) (S 59,17,11) (S 59,11,17) (S 73,11,11) (D 0,1,1)
0 1 7 74 139 13 (D 0,1,1) (S 76,18,18) (S 42,19,20) (S 31,8,9) (S 6,9,3) (S 26,3,4) (S 34,4,5) (S 22,11,10) (S 11,10,9) (S 72,9,9) (S 12,16,17) (S 37,17,24) (D 0,1,1)
0 1 8 73 135 11 (D 0,1,1) (S 78,21,21) (S 19,21,27) (S 52,27,28) (S 52,28,27) (S 83,32,32) (S 10,33,28) (S 44,28,34) (S 85,34,34) (S 23,34,24) (D 0,1,1)
0 1 9 18 107 5 (D 0,1,1) (S 70,4,4) (S 82,28,28) (S 80,24,24) (D 0,1,1)
