280
7
5942104
2457873
0 1 1 20 34 10 (D 0,1,1) (S 1,3,4) (S 30,4,4) (S 14,4,2) (S 28,2,2) (S 26,4,5) (S 32,6,6) (S 25,12,16) (S 12,16,15) (D 0,1,1)
0 1 2 20 33 7 (D 0,1,1) (S 29,3,3) (S 31,5,5) (S 10,5,10) (S 7,10,11) (S 3,11,15) (D 0,1,1)
0 1 3 20 38 6 (D 0,1,1) (S 15,5,6) (S 5,6,7) (S 27,7,8) (S 34,8,8) (D 0,1,1)
0 1 4 19 36 8 (D 0,1,1) (S 9,10,20) (S 20,20,23) (S 23,23,24) (S 8,24,21) (S 4,21,15) (S 12,15,16) (D 0,1,1)
0 1 5 19 46 9 (D 0,1,1) (S 37,12,12) (S 16,13,14) (S 39,14,14) (S 18,18,17) (S 18,17,18) (S 38,13,13) (S 36,11,11) (D 0,1,1)
0 1 6 19 37 7 (D 0,1,1) (S 17,20,21) (S 19,20,19) (S 2,19,9) (S 35,9,9) (S 13,19,22) (D 0,1,1)
0 1 7 18 56 7 (D 0,1,1) (S 20,20,23) (S 6,23,22) (S 40,16,16) (S 11,13,17) (S 33,7,7) (D 0,1,1)
