611
9
6298510
2648386
0 1 1 46 62 12 (D 0,1,1) (S 30,1,11) (S 42,11,11) (S 17,11,12) (S 22,12,17) (S 33,17,18) (S 7,18,14) (S 1,14,13) (S 14,13,17) (S 45,17,17) (S 15,5,4) (D 0,1,1)
0 1 2 44 51 8 (D 0,1,1) (S 20,1,9) (S 3,9,3) (S 4,3,4) (S 15,4,5) (S 2,5,2) (S 37,2,2) (D 0,1,1)
0 1 3 44 57 7 (D 0,1,1) (S 16,1,19) (S 46,19,19) (S 28,19,9) (S 28,9,19) (S 27,20,15) (D 0,1,1)
0 1 4 44 70 11 (D 0,1,1) (S 32,5,6) (S 23,6,7) (S 5,7,13) (S 14,13,17) (S 19,17,16) (S 35,16,15) (S 44,15,15) (S 25,15,21) (S 9,24,23) (D 0,1,1)
0 1 5 45 70 6 (D 0,1,1) (S 38,5,5) (S 6,5,11) (S 8,11,6) (S 21,8,14) (D 0,1,1)
0 1 6 44 103 7 (D 0,1,1) (S 12,19,20) (S 47,20,20) (S 24,20,21) (S 41,10,10) (S 19,16,17) (D 0,1,1)
0 1 7 43 86 6 (D 0,1,1) (S 10,3,10) (S 39,6,6) (S 40,7,7) (S 21,8,14) (D 0,1,1)
0 1 8 41 78 6 (D 0,1,1) (S 48,21,21) (S 25,21,15) (S 13,21,24) (S 11,23,22) (D 0,1,1)
0 1 9 8 34 3 (D 0,1,1) (S 43,12,12) (D 0,1,1)
