991
9
11029330
5488432
0 1 1 65 100 12 (D 0,1,1) (S 18,1,5) (S 25,5,4) (S 27,4,7) (S 57,7,7) (S 52,7,12) (S 31,12,16) (S 29,16,20) (S 48,20,21) (S 51,21,24) (S 37,25,30) (D 0,1,1)
0 1 2 64 79 11 (D 0,1,1) (S 14,1,2) (S 50,2,3) (S 4,3,10) (S 47,10,9) (S 30,9,2) (S 30,2,9) (S 59,9,9) (S 19,9,15) (S 39,15,18) (D 0,1,1)
0 1 3 64 113 12 (D 0,1,1) (S 55,5,5) (S 34,8,13) (S 21,13,16) (S 28,16,11) (S 38,11,6) (S 10,6,4) (S 27,4,7) (S 56,6,6) (S 28,11,16) (S 17,16,21) (D 0,1,1)
0 1 4 65 105 13 (D 0,1,1) (S 58,8,8) (S 24,8,14) (S 24,14,8) (S 34,8,13) (S 20,13,17) (S 1,17,22) (S 2,22,25) (S 70,25,25) (S 37,25,30) (S 3,30,26) (S 22,22,29) (D 0,1,1)
0 1 5 65 122 10 (D 0,1,1) (S 54,3,3) (S 60,10,10) (S 7,10,19) (S 15,19,18) (S 36,18,23) (S 42,23,26) (S 71,26,26) (S 61,11,11) (D 0,1,1)
0 1 6 63 87 9 (D 0,1,1) (S 8,8,9) (S 19,9,15) (S 11,15,14) (S 49,14,17) (S 66,17,17) (S 40,14,13) (S 63,13,13) (D 0,1,1)
0 1 7 62 122 7 (D 0,1,1) (S 64,15,15) (S 13,13,12) (S 62,12,12) (S 16,11,20) (S 5,20,27) (D 0,1,1)
0 1 8 62 119 10 (D 0,1,1) (S 65,16,16) (S 33,21,29) (S 74,29,29) (S 33,29,21) (S 9,21,28) (S 73,28,28) (S 6,28,24) (S 12,24,27) (D 0,1,1)
0 1 9 55 144 9 (D 0,1,1) (S 69,22,22) (S 53,22,23) (S 22,22,29) (S 75,30,30) (S 68,21,21) (S 67,20,20) (S 72,27,27) (D 0,1,1)
