1142
9
14228794
8224582
0 1 1 75 103 10 (D 0,1,1) (S 16,1,7) (S 12,7,13) (S 61,13,13) (S 24,13,14) (S 50,14,24) (S 69,24,24) (S 41,25,26) (S 20,19,16) (D 0,1,1)
0 1 2 73 88 14 (D 0,1,1) (S 52,2,2) (S 51,2,3) (S 33,3,4) (S 54,4,4) (S 8,4,5) (S 2,5,6) (S 25,6,12) (S 31,12,11) (S 5,11,16) (S 63,16,16) (S 11,16,15) (S 14,15,10) (D 0,1,1)
0 1 3 75 101 14 (D 0,1,1) (S 38,2,8) (S 6,8,9) (S 4,9,3) (S 53,3,3) (S 7,9,10) (S 59,10,10) (S 14,10,15) (S 62,15,15) (S 3,15,14) (S 37,14,23) (S 11,15,16) (S 66,19,19) (D 0,1,1)
0 1 4 75 142 13 (D 0,1,1) (S 58,9,9) (S 57,8,8) (S 13,8,7) (S 56,7,7) (S 24,14,13) (S 68,23,23) (S 45,29,34) (S 23,34,35) (S 19,35,39) (S 43,39,40) (S 82,40,40) (D 0,1,1)
0 1 5 75 135 13 (D 0,1,1) (S 60,11,11) (S 31,11,12) (S 55,6,6) (S 22,17,20) (S 10,20,21) (S 1,21,22) (S 32,22,28) (S 32,28,22) (S 29,28,27) (S 17,27,33) (S 21,33,37) (D 0,1,1)
0 1 6 75 151 10 (D 0,1,1) (S 18,19,26) (S 18,26,19) (S 67,20,20) (S 64,17,17) (S 65,18,18) (S 72,27,27) (S 42,27,26) (S 28,32,36) (D 0,1,1)
0 1 7 74 163 15 (D 0,1,1) (S 70,25,25) (S 71,26,26) (S 76,32,32) (S 28,32,36) (S 35,36,37) (S 79,37,37) (S 83,41,41) (S 26,41,40) (S 26,40,41) (S 9,40,36) (S 40,36,35) (S 23,35,34) (S 80,38,38) (D 0,1,1)
0 1 8 74 158 8 (D 0,1,1) (S 74,30,30) (S 73,29,29) (S 77,34,34) (S 27,34,38) (S 81,39,39) (S 19,39,35) (D 0,1,1)
0 1 9 28 101 4 (D 0,1,1) (S 75,31,31) (S 78,36,36) (D 0,1,1)
