714
10
8779767
4706844
0 1 1 51 60 11 (D 0,1,1) (S 27,1,30) (S 27,30,1) (S 18,1,2) (S 38,2,3) (S 4,3,4) (S 1,4,13) (S 29,13,12) (S 29,12,13) (S 53,4,4) (D 0,1,1)
0 1 2 50 55 7 (D 0,1,1) (S 18,1,2) (S 51,2,2) (S 10,2,8) (S 56,8,8) (S 9,8,9) (D 0,1,1)
0 1 3 50 53 12 (D 0,1,1) (S 15,1,31) (S 24,31,5) (S 39,5,6) (S 40,6,11) (S 25,11,17) (S 61,17,17) (S 48,17,16) (S 20,16,10) (S 37,10,5) (S 24,5,31) (D 0,1,1)
0 1 4 50 69 10 (D 0,1,1) (S 3,1,7) (S 50,7,6) (S 55,6,6) (S 22,11,12) (S 46,12,18) (S 34,18,21) (S 64,21,21) (S 33,4,9) (D 0,1,1)
0 1 5 50 69 12 (D 0,1,1) (S 6,31,29) (S 47,29,28) (S 66,28,28) (S 35,28,26) (S 5,26,27) (S 12,27,29) (S 42,29,30) (S 42,30,29) (S 57,10,10) (S 19,10,14) (D 0,1,1)
0 1 6 50 83 8 (D 0,1,1) (S 52,3,3) (S 14,9,13) (S 16,13,19) (S 26,19,18) (S 26,18,19) (S 23,19,20) (D 0,1,1)
0 1 7 50 78 8 (D 0,1,1) (S 54,5,5) (S 35,28,26) (S 11,27,24) (S 2,24,23) (S 65,23,23) (S 58,11,11) (D 0,1,1)
0 1 8 47 105 9 (D 0,1,1) (S 36,28,25) (S 7,10,11) (S 41,14,15) (S 60,15,15) (S 41,15,14) (S 59,12,12) (S 62,18,18) (D 0,1,1)
0 1 9 47 99 6 (D 0,1,1) (S 30,8,7) (S 17,21,22) (S 13,22,20) (S 8,21,19) (D 0,1,1)
0 1 10 9 43 3 (D 0,1,1) (S 63,19,19) (D 0,1,1)
