852
9
12980118
7903681
0 1 1 64 77 13 (D 0,1,1) (S 23,1,2) (S 38,2,6) (S 32,6,12) (S 69,12,12) (S 25,12,11) (S 46,11,1) (S 37,1,8) (S 16,8,14) (S 71,14,14) (S 30,15,16) (S 30,16,15) (D 0,1,1)
0 1 2 66 74 10 (D 0,1,1) (S 18,1,35) (S 82,35,35) (S 51,35,34) (S 2,34,27) (S 34,27,28) (S 76,28,28) (S 34,28,27) (S 1,27,26) (D 0,1,1)
0 1 3 64 92 12 (D 0,1,1) (S 49,1,40) (S 85,40,40) (S 8,1,10) (S 20,10,16) (S 9,16,11) (S 68,11,11) (S 15,1,33) (S 81,34,34) (S 63,2,2) (S 39,6,7) (D 0,1,1)
0 1 4 66 85 17 (D 0,1,1) (S 14,2,36) (S 29,36,37) (S 44,37,38) (S 36,38,39) (S 84,39,39) (S 27,39,5) (S 59,5,4) (S 24,4,3) (S 12,3,7) (S 65,7,7) (S 5,7,13) (S 53,13,17) (S 33,13,18) (S 70,13,13) (S 24,3,4) (D 0,1,1)
0 1 5 66 85 12 (D 0,1,1) (S 41,2,3) (S 21,3,37) (S 83,37,37) (S 21,37,3) (S 11,4,38) (S 36,38,39) (S 79,32,32) (S 35,31,30) (S 35,30,31) (S 60,31,37) (D 0,1,1)
0 1 6 65 86 12 (D 0,1,1) (S 32,6,12) (S 19,12,17) (S 62,17,18) (S 73,18,18) (S 3,18,22) (S 7,22,25) (S 13,25,24) (S 4,24,23) (S 22,24,21) (S 26,21,22) (D 0,1,1)
0 1 7 65 116 10 (D 0,1,1) (S 64,6,6) (S 29,36,37) (S 44,37,38) (S 78,31,31) (S 10,30,29) (S 77,29,29) (S 61,35,28) (S 47,8,9) (D 0,1,1)
0 1 8 64 139 12 (D 0,1,1) (S 47,8,9) (S 28,9,10) (S 67,9,9) (S 66,8,8) (S 72,15,15) (S 80,33,33) (S 17,13,19) (S 26,22,21) (S 22,21,24) (S 43,21,20) (D 0,1,1)
0 1 9 43 98 5 (D 0,1,1) (S 75,26,26) (S 74,20,20) (S 6,20,23) (D 0,1,1)
