857
9
15229052
7910008
0 1 1 64 72 10 (D 0,1,1) (S 34,1,2) (S 1,2,36) (S 5,36,35) (S 19,35,1) (S 18,1,33) (S 12,33,34) (S 28,34,35) (S 28,35,34) (D 0,1,1)
0 1 2 65 67 12 (D 0,1,1) (S 20,1,10) (S 41,10,9) (S 29,9,15) (S 53,15,16) (S 51,16,10) (S 41,10,9) (S 32,9,8) (S 73,8,8) (S 43,8,1) (S 34,1,2) (D 0,1,1)
0 1 3 64 78 14 (D 0,1,1) (S 27,1,40) (S 27,40,1) (S 11,1,6) (S 44,6,12) (S 44,12,6) (S 71,6,6) (S 56,12,11) (S 49,11,1) (S 49,1,11) (S 74,11,11) (S 13,11,16) (S 77,15,15) (D 0,1,1)
0 1 4 65 90 18 (D 0,1,1) (S 68,2,2) (S 58,2,3) (S 3,3,7) (S 72,7,7) (S 21,7,13) (S 62,13,18) (S 2,18,22) (S 26,22,21) (S 30,21,24) (S 82,24,24) (S 7,24,25) (S 10,25,22) (S 26,22,21) (S 80,21,21) (S 23,3,37) (S 36,37,38) (D 0,1,1)
0 1 5 63 95 12 (D 0,1,1) (S 22,35,28) (S 45,28,27) (S 16,27,26) (S 25,26,33) (S 6,34,27) (S 84,28,28) (S 22,28,35) (S 54,36,37) (S 55,37,30) (S 36,38,37) (D 0,1,1)
0 1 6 64 98 9 (D 0,1,1) (S 32,8,9) (S 66,8,40) (S 14,12,17) (S 40,17,13) (S 76,13,13) (S 78,18,18) (S 8,18,19) (D 0,1,1)
0 1 7 64 100 13 (D 0,1,1) (S 75,12,12) (S 54,36,37) (S 61,37,31) (S 4,31,38) (S 37,38,39) (S 37,39,38) (S 70,4,4) (S 24,4,5) (S 33,5,39) (S 33,39,5) (S 15,39,32) (D 0,1,1)
0 1 8 65 159 10 (D 0,1,1) (S 67,3,4) (S 69,3,3) (S 42,30,31) (S 46,31,32) (S 42,31,30) (S 85,29,29) (S 9,15,14) (S 81,23,23) (D 0,1,1)
0 1 9 43 98 5 (D 0,1,1) (S 83,26,26) (S 79,20,20) (S 17,20,23) (D 0,1,1)
