276
7
6901403
2406665
0 1 1 20 25 8 (D 0,1,1) (S 7,1,2) (S 22,2,2) (S 11,2,4) (S 4,4,3) (S 23,3,3) (S 24,4,4) (D 0,1,1)
0 1 2 20 40 8 (D 0,1,1) (S 3,5,10) (S 28,10,10) (S 9,10,20) (S 12,20,23) (S 1,23,22) (S 20,16,12) (D 0,1,1)
0 1 3 20 41 6 (D 0,1,1) (S 25,5,5) (S 6,6,7) (S 16,7,8) (S 26,7,7) (D 0,1,1)
0 1 4 20 44 12 (D 0,1,1) (S 10,6,12) (S 30,12,12) (S 15,12,11) (S 29,11,11) (S 15,11,12) (S 10,12,6) (S 13,13,14) (S 17,18,17) (S 34,17,17) (S 14,20,19) (D 0,1,1)
0 1 5 20 39 6 (D 0,1,1) (S 27,9,9) (S 2,9,19) (S 21,19,22) (S 36,23,23) (D 0,1,1)
0 1 6 19 47 5 (D 0,1,1) (S 31,13,13) (S 8,14,8) (S 5,14,18) (D 0,1,1)
0 1 7 18 40 5 (D 0,1,1) (S 32,15,15) (S 35,21,21) (S 33,16,16) (D 0,1,1)
