1094
10
19203222
13828010
0 1 1 76 98 20 (D 0,1,1) (S 64,1,6) (S 64,6,1) (S 38,6,13) (S 92,13,13) (S 6,13,14) (S 93,14,14) (S 19,14,8) (S 42,8,7) (S 42,7,8) (S 88,8,8) (S 53,7,13) (S 53,13,7) (S 87,7,7) (S 73,7,6) (S 29,6,12) (S 31,12,13) (S 31,13,12) (S 55,26,30) (D 0,1,1)
0 1 2 76 95 14 (D 0,1,1) (S 27,6,5) (S 34,5,11) (S 91,11,11) (S 61,11,12) (S 9,12,20) (S 1,20,19) (S 66,19,26) (S 35,26,29) (S 62,29,18) (S 36,18,26) (S 36,26,18) (S 57,30,34) (D 0,1,1)
0 1 3 76 97 16 (D 0,1,1) (S 8,13,21) (S 41,21,22) (S 28,22,31) (S 78,31,32) (S 3,32,37) (S 44,37,31) (S 63,31,23) (S 2,23,15) (S 25,15,16) (S 94,16,16) (S 40,16,9) (S 24,9,3) (S 40,9,16) (S 74,24,23) (D 0,1,1)
0 1 4 75 112 10 (D 0,1,1) (S 23,20,21) (S 97,21,21) (S 69,20,30) (S 22,30,27) (S 100,27,27) (S 101,30,30) (S 52,40,47) (S 49,48,41) (D 0,1,1)
0 1 5 75 124 12 (D 0,1,1) (S 16,7,2) (S 84,2,2) (S 12,2,3) (S 85,3,3) (S 20,9,10) (S 54,10,4) (S 90,10,10) (S 17,17,25) (S 4,25,28) (S 48,43,45) (D 0,1,1)
0 1 6 75 111 13 (D 0,1,1) (S 86,5,5) (S 99,26,26) (S 103,34,34) (S 33,34,35) (S 77,35,41) (S 45,41,49) (S 114,49,49) (S 45,49,41) (S 56,48,49) (S 18,48,47) (S 112,47,47) (D 0,1,1)
0 1 7 77 133 15 (D 0,1,1) (S 13,15,9) (S 89,9,9) (S 63,23,31) (S 28,31,22) (S 98,23,23) (S 15,16,17) (S 95,17,17) (S 14,25,24) (S 37,24,32) (S 39,32,28) (S 50,28,38) (S 30,43,50) (S 43,44,42) (D 0,1,1)
0 1 8 75 125 14 (D 0,1,1) (S 96,18,18) (S 72,29,39) (S 32,39,33) (S 26,33,29) (S 7,33,40) (S 106,40,40) (S 21,34,33) (S 11,33,46) (S 111,46,46) (S 113,48,48) (S 59,49,50) (S 30,50,43) (D 0,1,1)
0 1 9 74 121 13 (D 0,1,1) (S 104,37,37) (S 46,37,38) (S 105,38,38) (S 51,38,45) (S 67,45,50) (S 67,50,45) (S 110,45,45) (S 108,43,43) (S 50,38,28) (S 102,32,32) (S 83,36,42) (D 0,1,1)
0 1 10 29 78 7 (D 0,1,1) (S 10,36,35) (S 43,42,44) (S 5,44,50) (S 109,44,44) (S 107,42,42) (D 0,1,1)
