1072
9
14367559
6044505
0 1 1 75 108 12 (D 0,1,1) (S 24,1,7) (S 40,7,13) (S 9,13,12) (S 54,12,12) (S 14,12,19) (S 61,19,19) (S 25,19,20) (S 25,20,19) (S 66,25,25) (S 71,30,30) (D 0,1,1)
0 1 2 74 112 9 (D 0,1,1) (S 45,1,6) (S 50,6,6) (S 43,18,29) (S 70,29,29) (S 6,30,31) (S 23,31,32) (S 20,32,27) (D 0,1,1)
0 1 3 74 111 9 (D 0,1,1) (S 51,7,7) (S 55,13,13) (S 3,14,15) (S 57,15,15) (S 8,15,22) (S 2,22,21) (S 63,21,21) (D 0,1,1)
0 1 4 75 110 10 (D 0,1,1) (S 46,2,2) (S 7,8,14) (S 56,14,14) (S 36,14,20) (S 37,20,21) (S 22,21,15) (S 29,15,9) (S 11,9,10) (D 0,1,1)
0 1 5 74 137 14 (D 0,1,1) (S 60,18,18) (S 22,15,21) (S 62,20,20) (S 1,26,31) (S 72,32,32) (S 20,32,27) (S 68,27,27) (S 44,27,28) (S 19,28,22) (S 5,22,23) (S 19,22,28) (S 34,28,34) (D 0,1,1)
0 1 6 75 125 12 (D 0,1,1) (S 18,8,9) (S 13,9,3) (S 16,3,10) (S 33,10,11) (S 30,11,24) (S 65,24,24) (S 15,24,34) (S 34,34,28) (S 69,28,28) (S 10,34,33) (D 0,1,1)
0 1 7 74 133 9 (D 0,1,1) (S 4,25,26) (S 67,26,26) (S 42,32,33) (S 31,23,16) (S 58,16,16) (S 12,16,17) (S 59,17,17) (D 0,1,1)
0 1 8 71 135 11 (D 0,1,1) (S 52,10,10) (S 16,10,3) (S 47,3,3) (S 17,3,4) (S 48,4,4) (S 53,11,11) (S 27,11,5) (S 27,5,11) (S 30,11,24) (D 0,1,1)
0 1 9 24 101 4 (D 0,1,1) (S 64,23,23) (S 49,5,5) (D 0,1,1)
