846
9
16164301
7642646
0 1 1 65 75 11 (D 0,1,1) (S 2,1,6) (S 53,6,6) (S 29,2,1) (S 41,1,40) (S 76,40,40) (S 17,40,8) (S 55,8,8) (S 32,8,9) (S 26,9,10) (D 0,1,1)
0 1 2 64 95 10 (D 0,1,1) (S 44,1,11) (S 6,11,16) (S 21,16,15) (S 35,15,9) (S 56,9,9) (S 57,10,10) (S 8,1,35) (S 46,37,38) (D 0,1,1)
0 1 3 64 79 9 (D 0,1,1) (S 50,2,2) (S 3,2,36) (S 72,36,36) (S 10,36,35) (S 28,35,28) (S 68,28,28) (S 67,27,27) (D 0,1,1)
0 1 4 64 97 10 (D 0,1,1) (S 58,11,11) (S 23,11,12) (S 23,12,11) (S 21,16,15) (S 4,15,14) (S 61,16,16) (S 19,33,26) (S 66,26,26) (D 0,1,1)
0 1 5 65 104 11 (D 0,1,1) (S 70,33,33) (S 19,33,26) (S 12,27,34) (S 22,34,35) (S 71,35,35) (S 13,34,33) (S 14,36,29) (S 36,30,37) (S 74,38,38) (D 0,1,1)
0 1 6 64 92 13 (D 0,1,1) (S 59,12,12) (S 34,17,20) (S 47,20,21) (S 33,21,24) (S 33,24,21) (S 27,21,22) (S 64,22,22) (S 7,22,25) (S 11,25,24) (S 65,23,23) (S 49,17,13) (D 0,1,1)
0 1 7 64 89 14 (D 0,1,1) (S 39,3,4) (S 40,4,5) (S 16,5,39) (S 75,39,39) (S 5,39,32) (S 20,32,31) (S 31,31,37) (S 25,37,3) (S 51,3,3) (S 25,3,37) (S 73,37,37) (S 18,38,39) (D 0,1,1)
0 1 8 64 101 9 (D 0,1,1) (S 9,7,13) (S 60,13,13) (S 37,13,18) (S 1,18,19) (S 62,18,18) (S 54,7,7) (S 24,30,31) (D 0,1,1)
0 1 9 44 114 7 (D 0,1,1) (S 52,4,4) (S 69,31,31) (S 15,30,29) (S 16,39,5) (S 63,20,20) (D 0,1,1)
