732
8
6439162
2522808
0 1 1 39 63 8 (D 0,1,1) (S 1,1,2) (S 34,2,2) (S 6,4,5) (S 23,5,11) (S 40,11,11) (S 8,11,15) (D 0,1,1)
0 1 2 39 69 8 (D 0,1,1) (S 18,1,3) (S 24,3,9) (S 28,9,19) (S 28,19,9) (S 5,9,10) (S 29,20,23) (D 0,1,1)
0 1 3 40 75 6 (D 0,1,1) (S 35,3,3) (S 7,3,4) (S 36,5,5) (S 20,11,10) (D 0,1,1)
0 1 4 40 92 9 (D 0,1,1) (S 39,10,10) (S 44,20,20) (S 3,20,21) (S 45,21,21) (S 27,21,15) (S 32,15,16) (S 15,17,13) (D 0,1,1)
0 1 5 41 96 8 (D 0,1,1) (S 9,19,22) (S 11,22,23) (S 12,23,24) (S 17,24,21) (S 29,20,23) (S 12,23,24) (D 0,1,1)
0 1 6 40 122 8 (D 0,1,1) (S 10,19,20) (S 11,23,22) (S 22,11,12) (S 41,12,12) (S 19,13,14) (S 25,14,18) (D 0,1,1)
0 1 7 40 102 7 (D 0,1,1) (S 21,16,12) (S 16,12,6) (S 37,6,6) (S 13,7,8) (S 4,8,14) (D 0,1,1)
0 1 8 31 113 7 (D 0,1,1) (S 42,16,16) (S 2,17,18) (S 43,18,18) (S 15,13,17) (S 38,7,7) (D 0,1,1)
