728
10
12156275
6988818
0 1 1 50 72 7 (D 0,1,1) (S 1,1,7) (S 38,7,7) (S 17,7,6) (S 37,6,6) (S 36,4,4) (D 0,1,1)
0 1 2 50 58 12 (D 0,1,1) (S 5,1,31) (S 55,31,31) (S 32,31,5) (S 23,5,10) (S 2,10,11) (S 24,11,6) (S 24,6,11) (S 12,11,12) (S 28,12,13) (S 9,13,4) (D 0,1,1)
0 1 3 50 75 8 (D 0,1,1) (S 21,2,3) (S 4,3,9) (S 39,9,9) (S 10,9,8) (S 8,8,12) (S 46,18,18) (D 0,1,1)
0 1 4 48 67 7 (D 0,1,1) (S 34,2,2) (S 35,3,3) (S 22,9,4) (S 12,12,11) (S 16,6,5) (D 0,1,1)
0 1 5 49 66 7 (D 0,1,1) (S 54,30,30) (S 19,30,29) (S 53,29,29) (S 51,27,27) (S 49,24,24) (D 0,1,1)
0 1 6 51 90 11 (D 0,1,1) (S 23,5,10) (S 40,10,10) (S 42,14,14) (S 30,14,15) (S 43,15,15) (S 44,16,16) (S 15,12,18) (S 14,18,19) (S 29,21,18) (D 0,1,1)
0 1 7 48 67 7 (D 0,1,1) (S 27,28,25) (S 3,25,23) (S 48,23,23) (S 50,26,26) (S 52,28,28) (D 0,1,1)
0 1 8 45 91 7 (D 0,1,1) (S 13,28,26) (S 45,17,17) (S 15,12,18) (S 14,18,19) (S 47,19,19) (D 0,1,1)
0 1 9 46 89 6 (D 0,1,1) (S 41,13,13) (S 33,19,22) (S 7,22,20) (S 6,21,19) (D 0,1,1)
0 1 10 14 53 3 (D 0,1,1) (S 11,22,21) (D 0,1,1)
