589
9
6398706
2625039
0 1 1 45 62 8 (D 0,1,1) (S 18,1,11) (S 4,11,6) (S 23,6,7) (S 35,7,7) (S 27,13,17) (S 30,17,18) (D 0,1,1)
0 1 2 45 55 7 (D 0,1,1) (S 15,1,19) (S 44,19,19) (S 17,19,9) (S 19,9,1) (S 14,5,4) (D 0,1,1)
0 1 3 44 65 13 (D 0,1,1) (S 5,1,5) (S 2,5,2) (S 11,2,10) (S 11,10,2) (S 32,2,2) (S 14,4,5) (S 22,5,6) (S 3,7,13) (S 20,17,16) (S 20,16,17) (S 43,18,18) (D 0,1,1)
0 1 4 43 51 8 (D 0,1,1) (S 18,1,11) (S 6,11,5) (S 9,1,20) (S 16,20,15) (S 40,15,15) (S 16,15,20) (D 0,1,1)
0 1 5 45 62 7 (D 0,1,1) (S 17,9,19) (S 21,19,22) (S 7,22,23) (S 46,23,23) (S 1,23,21) (D 0,1,1)
0 1 6 44 79 6 (D 0,1,1) (S 33,3,3) (S 8,3,4) (S 13,20,21) (S 12,21,24) (D 0,1,1)
0 1 7 42 90 4 (D 0,1,1) (S 45,21,21) (S 34,6,6) (D 0,1,1)
0 1 8 42 91 8 (D 0,1,1) (S 10,12,16) (S 41,16,16) (S 42,17,17) (S 38,13,13) (S 39,14,14) (S 36,8,8) (D 0,1,1)
0 1 9 8 34 3 (D 0,1,1) (S 37,12,12) (D 0,1,1)
