653
8
10856503
2681390
0 1 1 45 79 8 (D 0,1,1) (S 29,1,19) (S 25,19,9) (S 25,9,19) (S 16,19,22) (S 2,23,24) (S 37,4,4) (D 0,1,1)
0 1 2 45 55 10 (D 0,1,1) (S 22,1,11) (S 41,11,11) (S 9,11,5) (S 21,5,6) (S 20,6,7) (S 3,7,13) (S 15,13,17) (S 23,17,16) (D 0,1,1)
0 1 3 45 65 8 (D 0,1,1) (S 38,5,5) (S 21,5,6) (S 39,6,6) (S 18,12,17) (S 18,17,12) (S 44,16,16) (D 0,1,1)
0 1 4 44 82 8 (D 0,1,1) (S 40,9,9) (S 5,3,4) (S 13,4,2) (S 35,2,2) (S 19,2,10) (S 23,16,17) (D 0,1,1)
0 1 5 45 89 6 (D 0,1,1) (S 12,19,20) (S 47,20,20) (S 34,20,15) (S 45,17,17) (D 0,1,1)
0 1 6 45 84 7 (D 0,1,1) (S 8,3,10) (S 36,3,3) (S 11,11,6) (S 1,7,8) (S 28,8,14) (D 0,1,1)
0 1 7 45 77 8 (D 0,1,1) (S 17,15,21) (S 17,21,15) (S 43,15,15) (S 7,21,23) (S 4,23,22) (S 14,24,21) (D 0,1,1)
0 1 8 43 122 9 (D 0,1,1) (S 48,24,24) (S 42,12,12) (S 32,17,18) (S 6,18,14) (S 10,14,13) (S 46,18,18) (S 28,14,8) (D 0,1,1)
