275
7
6714057
2500016
0 1 1 20 24 7 (D 0,1,1) (S 4,1,2) (S 31,2,4) (S 16,4,5) (S 13,5,10) (S 36,10,10) (D 0,1,1)
0 1 2 21 35 10 (D 0,1,1) (S 17,3,9) (S 5,9,19) (S 29,19,20) (S 40,20,20) (S 14,20,23) (S 10,23,22) (S 25,23,24) (S 21,15,16) (D 0,1,1)
0 1 3 20 42 7 (D 0,1,1) (S 33,3,3) (S 32,2,2) (S 34,5,5) (S 9,10,9) (S 15,11,12) (D 0,1,1)
0 1 4 20 36 10 (D 0,1,1) (S 11,10,11) (S 2,11,15) (S 21,15,16) (S 39,16,16) (S 26,16,12) (S 37,12,12) (S 23,12,13) (S 38,13,13) (D 0,1,1)
0 1 5 19 43 8 (D 0,1,1) (S 18,6,12) (S 35,6,6) (S 7,6,7) (S 19,7,8) (S 12,8,14) (S 20,18,17) (D 0,1,1)
0 1 6 19 43 7 (D 0,1,1) (S 30,13,14) (S 3,14,18) (S 20,18,17) (S 1,17,13) (S 6,21,24) (D 0,1,1)
0 1 7 18 52 6 (D 0,1,1) (S 27,19,22) (S 41,21,21) (S 8,21,15) (S 19,7,8) (D 0,1,1)
